    0.00000000            0.00000000
   20.00000000            0.07000000
   30.00000000            0.13000000
   40.00000000            0.22000000
   50.00000000            0.33000000
   60.00000000            0.47000000
   70.00000000            0.61000000
   80.00000000            0.73000000
   90.00000000            0.82000000
  100.00000000            0.88000000
  150.00000000            1.07000000
  200.00000000            1.16000000
  300.00000000            1.28000000
  400.00000000            1.34000000
  500.00000000            1.38000000
  700.00000000            1.44000000
  1000.00000000            1.48000000
  2000.00000000            1.56000000
  4000.00000000            1.64000000
  7000.00000000            1.73000000
  10000.00000000            1.78000000
  20000.00000000            1.90000000
  40000.00000000            2.02000000
 135000.0000000		    10.00000
