   -1
   100
<NULL>
4.41,
   -1
   -1
   100
<NULL>
4.41,
   -1
   -1
   403
8044,0,0,1,46,0,0,0,0,0,0, 6.666667000000000e-002, 0.000000000000000e+000, 5.000000000000000e-002,
8056,0,0,1,46,0,0,0,0,0,0, 7.500000000000000e-002, 0.000000000000000e+000, 5.000000000000000e-002,
9056,0,0,1,46,0,0,0,0,0,0, 7.500000000000000e-002, 0.000000000000000e+000, 6.000000000000001e-002,
9044,0,0,1,46,0,0,0,0,0,0, 6.666667000000000e-002, 0.000000000000000e+000, 6.000000000000001e-002,
8069,0,0,1,46,0,0,0,0,0,0, 8.333333000000000e-002, 0.000000000000000e+000, 5.000000000000000e-002,
9069,0,0,1,46,0,0,0,0,0,0, 8.333333000000000e-002, 0.000000000000000e+000, 6.000000000000001e-002,
9034,0,0,1,46,0,0,0,0,0,0, 5.833333000000000e-002, 0.000000000000000e+000, 6.000000000000001e-002,
10044,0,0,1,46,0,0,0,0,0,0, 6.666667000000000e-002, 0.000000000000000e+000, 7.000000000000001e-002,
10034,0,0,1,46,0,0,0,0,0,0, 5.833333000000000e-002, 0.000000000000000e+000, 7.000000000000001e-002,
10056,0,0,1,46,0,0,0,0,0,0, 7.500000000000000e-002, 0.000000000000000e+000, 7.000000000000001e-002,
10069,0,0,1,46,0,0,0,0,0,0, 8.333333000000000e-002, 0.000000000000000e+000, 7.000000000000001e-002,
9084,0,0,1,46,0,0,0,0,0,0, 9.166667000000001e-002, 0.000000000000000e+000, 6.000000000000001e-002,
10084,0,0,1,46,0,0,0,0,0,0, 9.166667000000001e-002, 0.000000000000000e+000, 7.000000000000001e-002,
11044,0,0,1,46,0,0,0,0,0,0, 6.666667000000000e-002, 0.000000000000000e+000, 8.000000000000000e-002,
11034,0,0,1,46,0,0,0,0,0,0, 5.833333000000000e-002, 0.000000000000000e+000, 8.000000000000000e-002,
11056,0,0,1,46,0,0,0,0,0,0, 7.500000000000000e-002, 0.000000000000000e+000, 8.000000000000000e-002,
11069,0,0,1,46,0,0,0,0,0,0, 8.333333000000000e-002, 0.000000000000000e+000, 8.000000000000000e-002,
11084,0,0,1,46,0,0,0,0,0,0, 9.166667000000001e-002, 0.000000000000000e+000, 8.000000000000000e-002,
12044,0,0,1,46,0,0,0,0,0,0, 6.666667000000000e-002, 0.000000000000000e+000, 9.000000000000000e-002,
12034,0,0,1,46,0,0,0,0,0,0, 5.833333000000000e-002, 0.000000000000000e+000, 9.000000000000000e-002,
12056,0,0,1,46,0,0,0,0,0,0, 7.500000000000000e-002, 0.000000000000000e+000, 9.000000000000000e-002,
12069,0,0,1,46,0,0,0,0,0,0, 8.333333000000000e-002, 0.000000000000000e+000, 9.000000000000000e-002,
12084,0,0,1,46,0,0,0,0,0,0, 9.166667000000001e-002, 0.000000000000000e+000, 9.000000000000000e-002,
13044,0,0,1,46,0,0,0,0,0,0, 6.666667000000000e-002, 0.000000000000000e+000, 1.000000000000000e-001,
13034,0,0,1,46,0,0,0,0,0,0, 5.833333000000000e-002, 0.000000000000000e+000, 1.000000000000000e-001,
13056,0,0,1,46,0,0,0,0,0,0, 7.500000000000000e-002, 0.000000000000000e+000, 1.000000000000000e-001,
13069,0,0,1,46,0,0,0,0,0,0, 8.333333000000000e-002, 0.000000000000000e+000, 1.000000000000000e-001,
13084,0,0,1,46,0,0,0,0,0,0, 9.166667000000001e-002, 0.000000000000000e+000, 1.000000000000000e-001,
13025,0,0,1,46,0,0,0,0,0,0, 5.000000000000000e-002, 0.000000000000000e+000, 1.000000000000000e-001,
14034,0,0,1,46,0,0,0,0,0,0, 5.833333000000000e-002, 0.000000000000000e+000, 1.142325639819031e-001,
14025,0,0,1,46,0,0,0,0,0,0, 5.000000000000000e-002, 0.000000000000000e+000, 1.142325639819031e-001,
14044,0,0,1,46,0,0,0,0,0,0, 6.666667000000000e-002, 0.000000000000000e+000, 1.142325639819031e-001,
14056,0,0,1,46,0,0,0,0,0,0, 7.500000000000000e-002, 0.000000000000000e+000, 1.142325639819031e-001,
14069,0,0,1,46,0,0,0,0,0,0, 8.333333000000000e-002, 0.000000000000000e+000, 1.142325639819031e-001,
14084,0,0,1,46,0,0,0,0,0,0, 9.166667000000001e-002, 0.000000000000000e+000, 1.142325639819031e-001,
15034,0,0,1,46,0,0,0,0,0,0, 5.833333000000000e-002, 0.000000000000000e+000, 1.338735022769294e-001,
15025,0,0,1,46,0,0,0,0,0,0, 5.000000000000000e-002, 0.000000000000000e+000, 1.338735022769294e-001,
15044,0,0,1,46,0,0,0,0,0,0, 6.666667000000000e-002, 0.000000000000000e+000, 1.338735022769294e-001,
15056,0,0,1,46,0,0,0,0,0,0, 7.500000000000000e-002, 0.000000000000000e+000, 1.338735022769294e-001,
15069,0,0,1,46,0,0,0,0,0,0, 8.333333000000000e-002, 0.000000000000000e+000, 1.338735022769294e-001,
15084,0,0,1,46,0,0,0,0,0,0, 9.166667000000001e-002, 0.000000000000000e+000, 1.338735022769294e-001,
16034,0,0,1,46,0,0,0,0,0,0, 5.833333000000000e-002, 0.000000000000000e+000, 1.609779971240657e-001,
16025,0,0,1,46,0,0,0,0,0,0, 5.000000000000000e-002, 0.000000000000000e+000, 1.609779971240657e-001,
16044,0,0,1,46,0,0,0,0,0,0, 6.666667000000000e-002, 0.000000000000000e+000, 1.609779971240657e-001,
16056,0,0,1,46,0,0,0,0,0,0, 7.500000000000000e-002, 0.000000000000000e+000, 1.609779971240657e-001,
16069,0,0,1,46,0,0,0,0,0,0, 8.333333000000000e-002, 0.000000000000000e+000, 1.609779971240657e-001,
16084,0,0,1,46,0,0,0,0,0,0, 9.166667000000001e-002, 0.000000000000000e+000, 1.609779971240657e-001,
17034,0,0,1,46,0,0,0,0,0,0, 5.833333000000000e-002, 0.000000000000000e+000, 1.983822000131137e-001,
17025,0,0,1,46,0,0,0,0,0,0, 5.000000000000000e-002, 0.000000000000000e+000, 1.983822000131137e-001,
17044,0,0,1,46,0,0,0,0,0,0, 6.666667000000000e-002, 0.000000000000000e+000, 1.983822000131137e-001,
17056,0,0,1,46,0,0,0,0,0,0, 7.500000000000000e-002, 0.000000000000000e+000, 1.983822000131137e-001,
17069,0,0,1,46,0,0,0,0,0,0, 8.333333000000000e-002, 0.000000000000000e+000, 1.983822000131137e-001,
17084,0,0,1,46,0,0,0,0,0,0, 9.166667000000001e-002, 0.000000000000000e+000, 1.983822000131137e-001,
18034,0,0,1,46,0,0,0,0,0,0, 5.833333000000000e-002, 0.000000000000000e+000, 2.500000000000000e-001,
18025,0,0,1,46,0,0,0,0,0,0, 5.000000000000000e-002, 0.000000000000000e+000, 2.500000000000000e-001,
18044,0,0,1,46,0,0,0,0,0,0, 6.666667000000000e-002, 0.000000000000000e+000, 2.500000000000000e-001,
18056,0,0,1,46,0,0,0,0,0,0, 7.500000000000000e-002, 0.000000000000000e+000, 2.500000000000000e-001,
18069,0,0,1,46,0,0,0,0,0,0, 8.333333000000000e-002, 0.000000000000000e+000, 2.500000000000000e-001,
18084,0,0,1,46,0,0,0,0,0,0, 9.166667000000001e-002, 0.000000000000000e+000, 2.500000000000000e-001,
   -1
   -1
   404
0,124,1,17,4,1,0,0,
8044,8056,9056,9044,0,0,0,0,0,0,
0,0,0,0,0,0,0,0,0,0,
0.,0.,0.,
0.,0.,0.,
0.,0.,0.,
0,0,0,0,0,0,0,0,0,0,0,0,0,0,0,0,
1,124,1,17,4,1,0,0,
8056,8069,9069,9056,0,0,0,0,0,0,
0,0,0,0,0,0,0,0,0,0,
0.,0.,0.,
0.,0.,0.,
0.,0.,0.,
0,0,0,0,0,0,0,0,0,0,0,0,0,0,0,0,
2,124,1,17,4,1,0,0,
9034,9044,10044,10034,0,0,0,0,0,0,
0,0,0,0,0,0,0,0,0,0,
0.,0.,0.,
0.,0.,0.,
0.,0.,0.,
0,0,0,0,0,0,0,0,0,0,0,0,0,0,0,0,
3,124,1,17,4,1,0,0,
9044,9056,10056,10044,0,0,0,0,0,0,
0,0,0,0,0,0,0,0,0,0,
0.,0.,0.,
0.,0.,0.,
0.,0.,0.,
0,0,0,0,0,0,0,0,0,0,0,0,0,0,0,0,
4,124,1,17,4,1,0,0,
9056,9069,10069,10056,0,0,0,0,0,0,
0,0,0,0,0,0,0,0,0,0,
0.,0.,0.,
0.,0.,0.,
0.,0.,0.,
0,0,0,0,0,0,0,0,0,0,0,0,0,0,0,0,
5,124,1,17,4,1,0,0,
9069,9084,10084,10069,0,0,0,0,0,0,
0,0,0,0,0,0,0,0,0,0,
0.,0.,0.,
0.,0.,0.,
0.,0.,0.,
0,0,0,0,0,0,0,0,0,0,0,0,0,0,0,0,
6,124,1,17,4,1,0,0,
10034,10044,11044,11034,0,0,0,0,0,0,
0,0,0,0,0,0,0,0,0,0,
0.,0.,0.,
0.,0.,0.,
0.,0.,0.,
0,0,0,0,0,0,0,0,0,0,0,0,0,0,0,0,
7,124,1,17,4,1,0,0,
10044,10056,11056,11044,0,0,0,0,0,0,
0,0,0,0,0,0,0,0,0,0,
0.,0.,0.,
0.,0.,0.,
0.,0.,0.,
0,0,0,0,0,0,0,0,0,0,0,0,0,0,0,0,
8,124,1,17,4,1,0,0,
10056,10069,11069,11056,0,0,0,0,0,0,
0,0,0,0,0,0,0,0,0,0,
0.,0.,0.,
0.,0.,0.,
0.,0.,0.,
0,0,0,0,0,0,0,0,0,0,0,0,0,0,0,0,
9,124,1,17,4,1,0,0,
10069,10084,11084,11069,0,0,0,0,0,0,
0,0,0,0,0,0,0,0,0,0,
0.,0.,0.,
0.,0.,0.,
0.,0.,0.,
0,0,0,0,0,0,0,0,0,0,0,0,0,0,0,0,
10,124,1,17,4,1,0,0,
11034,11044,12044,12034,0,0,0,0,0,0,
0,0,0,0,0,0,0,0,0,0,
0.,0.,0.,
0.,0.,0.,
0.,0.,0.,
0,0,0,0,0,0,0,0,0,0,0,0,0,0,0,0,
11,124,1,17,4,1,0,0,
11044,11056,12056,12044,0,0,0,0,0,0,
0,0,0,0,0,0,0,0,0,0,
0.,0.,0.,
0.,0.,0.,
0.,0.,0.,
0,0,0,0,0,0,0,0,0,0,0,0,0,0,0,0,
12,124,1,17,4,1,0,0,
11056,11069,12069,12056,0,0,0,0,0,0,
0,0,0,0,0,0,0,0,0,0,
0.,0.,0.,
0.,0.,0.,
0.,0.,0.,
0,0,0,0,0,0,0,0,0,0,0,0,0,0,0,0,
13,124,1,17,4,1,0,0,
11069,11084,12084,12069,0,0,0,0,0,0,
0,0,0,0,0,0,0,0,0,0,
0.,0.,0.,
0.,0.,0.,
0.,0.,0.,
0,0,0,0,0,0,0,0,0,0,0,0,0,0,0,0,
14,124,1,17,4,1,0,0,
12034,12044,13044,13034,0,0,0,0,0,0,
0,0,0,0,0,0,0,0,0,0,
0.,0.,0.,
0.,0.,0.,
0.,0.,0.,
0,0,0,0,0,0,0,0,0,0,0,0,0,0,0,0,
15,124,1,17,4,1,0,0,
12044,12056,13056,13044,0,0,0,0,0,0,
0,0,0,0,0,0,0,0,0,0,
0.,0.,0.,
0.,0.,0.,
0.,0.,0.,
0,0,0,0,0,0,0,0,0,0,0,0,0,0,0,0,
16,124,1,17,4,1,0,0,
12056,12069,13069,13056,0,0,0,0,0,0,
0,0,0,0,0,0,0,0,0,0,
0.,0.,0.,
0.,0.,0.,
0.,0.,0.,
0,0,0,0,0,0,0,0,0,0,0,0,0,0,0,0,
17,124,1,17,4,1,0,0,
12069,12084,13084,13069,0,0,0,0,0,0,
0,0,0,0,0,0,0,0,0,0,
0.,0.,0.,
0.,0.,0.,
0.,0.,0.,
0,0,0,0,0,0,0,0,0,0,0,0,0,0,0,0,
18,124,1,17,4,1,0,0,
13025,13034,14034,14025,0,0,0,0,0,0,
0,0,0,0,0,0,0,0,0,0,
0.,0.,0.,
0.,0.,0.,
0.,0.,0.,
0,0,0,0,0,0,0,0,0,0,0,0,0,0,0,0,
19,124,1,17,4,1,0,0,
13034,13044,14044,14034,0,0,0,0,0,0,
0,0,0,0,0,0,0,0,0,0,
0.,0.,0.,
0.,0.,0.,
0.,0.,0.,
0,0,0,0,0,0,0,0,0,0,0,0,0,0,0,0,
20,124,1,17,4,1,0,0,
13044,13056,14056,14044,0,0,0,0,0,0,
0,0,0,0,0,0,0,0,0,0,
0.,0.,0.,
0.,0.,0.,
0.,0.,0.,
0,0,0,0,0,0,0,0,0,0,0,0,0,0,0,0,
21,124,1,17,4,1,0,0,
13056,13069,14069,14056,0,0,0,0,0,0,
0,0,0,0,0,0,0,0,0,0,
0.,0.,0.,
0.,0.,0.,
0.,0.,0.,
0,0,0,0,0,0,0,0,0,0,0,0,0,0,0,0,
22,124,1,17,4,1,0,0,
13069,13084,14084,14069,0,0,0,0,0,0,
0,0,0,0,0,0,0,0,0,0,
0.,0.,0.,
0.,0.,0.,
0.,0.,0.,
0,0,0,0,0,0,0,0,0,0,0,0,0,0,0,0,
23,124,1,17,4,1,0,0,
14025,14034,15034,15025,0,0,0,0,0,0,
0,0,0,0,0,0,0,0,0,0,
0.,0.,0.,
0.,0.,0.,
0.,0.,0.,
0,0,0,0,0,0,0,0,0,0,0,0,0,0,0,0,
24,124,1,17,4,1,0,0,
14034,14044,15044,15034,0,0,0,0,0,0,
0,0,0,0,0,0,0,0,0,0,
0.,0.,0.,
0.,0.,0.,
0.,0.,0.,
0,0,0,0,0,0,0,0,0,0,0,0,0,0,0,0,
25,124,1,17,4,1,0,0,
14044,14056,15056,15044,0,0,0,0,0,0,
0,0,0,0,0,0,0,0,0,0,
0.,0.,0.,
0.,0.,0.,
0.,0.,0.,
0,0,0,0,0,0,0,0,0,0,0,0,0,0,0,0,
26,124,1,17,4,1,0,0,
14056,14069,15069,15056,0,0,0,0,0,0,
0,0,0,0,0,0,0,0,0,0,
0.,0.,0.,
0.,0.,0.,
0.,0.,0.,
0,0,0,0,0,0,0,0,0,0,0,0,0,0,0,0,
27,124,1,17,4,1,0,0,
14069,14084,15084,15069,0,0,0,0,0,0,
0,0,0,0,0,0,0,0,0,0,
0.,0.,0.,
0.,0.,0.,
0.,0.,0.,
0,0,0,0,0,0,0,0,0,0,0,0,0,0,0,0,
28,124,1,17,4,1,0,0,
15025,15034,16034,16025,0,0,0,0,0,0,
0,0,0,0,0,0,0,0,0,0,
0.,0.,0.,
0.,0.,0.,
0.,0.,0.,
0,0,0,0,0,0,0,0,0,0,0,0,0,0,0,0,
29,124,1,17,4,1,0,0,
15034,15044,16044,16034,0,0,0,0,0,0,
0,0,0,0,0,0,0,0,0,0,
0.,0.,0.,
0.,0.,0.,
0.,0.,0.,
0,0,0,0,0,0,0,0,0,0,0,0,0,0,0,0,
30,124,1,17,4,1,0,0,
15044,15056,16056,16044,0,0,0,0,0,0,
0,0,0,0,0,0,0,0,0,0,
0.,0.,0.,
0.,0.,0.,
0.,0.,0.,
0,0,0,0,0,0,0,0,0,0,0,0,0,0,0,0,
31,124,1,17,4,1,0,0,
15056,15069,16069,16056,0,0,0,0,0,0,
0,0,0,0,0,0,0,0,0,0,
0.,0.,0.,
0.,0.,0.,
0.,0.,0.,
0,0,0,0,0,0,0,0,0,0,0,0,0,0,0,0,
32,124,1,17,4,1,0,0,
15069,15084,16084,16069,0,0,0,0,0,0,
0,0,0,0,0,0,0,0,0,0,
0.,0.,0.,
0.,0.,0.,
0.,0.,0.,
0,0,0,0,0,0,0,0,0,0,0,0,0,0,0,0,
33,124,1,17,4,1,0,0,
16025,16034,17034,17025,0,0,0,0,0,0,
0,0,0,0,0,0,0,0,0,0,
0.,0.,0.,
0.,0.,0.,
0.,0.,0.,
0,0,0,0,0,0,0,0,0,0,0,0,0,0,0,0,
34,124,1,17,4,1,0,0,
16034,16044,17044,17034,0,0,0,0,0,0,
0,0,0,0,0,0,0,0,0,0,
0.,0.,0.,
0.,0.,0.,
0.,0.,0.,
0,0,0,0,0,0,0,0,0,0,0,0,0,0,0,0,
35,124,1,17,4,1,0,0,
16044,16056,17056,17044,0,0,0,0,0,0,
0,0,0,0,0,0,0,0,0,0,
0.,0.,0.,
0.,0.,0.,
0.,0.,0.,
0,0,0,0,0,0,0,0,0,0,0,0,0,0,0,0,
36,124,1,17,4,1,0,0,
16056,16069,17069,17056,0,0,0,0,0,0,
0,0,0,0,0,0,0,0,0,0,
0.,0.,0.,
0.,0.,0.,
0.,0.,0.,
0,0,0,0,0,0,0,0,0,0,0,0,0,0,0,0,
37,124,1,17,4,1,0,0,
16069,16084,17084,17069,0,0,0,0,0,0,
0,0,0,0,0,0,0,0,0,0,
0.,0.,0.,
0.,0.,0.,
0.,0.,0.,
0,0,0,0,0,0,0,0,0,0,0,0,0,0,0,0,
38,124,1,17,4,1,0,0,
17025,17034,18034,18025,0,0,0,0,0,0,
0,0,0,0,0,0,0,0,0,0,
0.,0.,0.,
0.,0.,0.,
0.,0.,0.,
0,0,0,0,0,0,0,0,0,0,0,0,0,0,0,0,
39,124,1,17,4,1,0,0,
17034,17044,18044,18034,0,0,0,0,0,0,
0,0,0,0,0,0,0,0,0,0,
0.,0.,0.,
0.,0.,0.,
0.,0.,0.,
0,0,0,0,0,0,0,0,0,0,0,0,0,0,0,0,
40,124,1,17,4,1,0,0,
17044,17056,18056,18044,0,0,0,0,0,0,
0,0,0,0,0,0,0,0,0,0,
0.,0.,0.,
0.,0.,0.,
0.,0.,0.,
0,0,0,0,0,0,0,0,0,0,0,0,0,0,0,0,
41,124,1,17,4,1,0,0,
17056,17069,18069,18056,0,0,0,0,0,0,
0,0,0,0,0,0,0,0,0,0,
0.,0.,0.,
0.,0.,0.,
0.,0.,0.,
0,0,0,0,0,0,0,0,0,0,0,0,0,0,0,0,
42,124,1,17,4,1,0,0,
17069,17084,18084,18069,0,0,0,0,0,0,
0,0,0,0,0,0,0,0,0,0,
0.,0.,0.,
0.,0.,0.,
0.,0.,0.,
0,0,0,0,0,0,0,0,0,0,0,0,0,0,0,0,
   -1
   -1
   403
   -1
   -1
   404
   -1
   -1
   403
18076,0,0,1,46,0,0,0,0,0,0, 5.956667000000000e-002, 6.138868000000000e-002, 2.500000000000000e-001,
18059,0,0,1,46,0,0,0,0,0,0, 5.457113000000000e-002, 5.442513000000000e-002, 2.500000000000000e-001,
18075,0,0,1,46,0,0,0,0,0,0, 6.516597000000000e-002, 5.460212000000000e-002, 2.500000000000000e-001,
18083,0,0,1,46,0,0,0,0,0,0, 7.500000000000000e-002, 5.000000000000000e-002, 2.500000000000000e-001,
18091,0,0,1,46,0,0,0,0,0,0, 7.377641000000000e-002, 5.772542000000000e-002, 2.500000000000000e-001,
18095,0,0,1,46,0,0,0,0,0,0, 7.022542000000000e-002, 6.469463000000000e-002, 2.500000000000000e-001,
18027,0,0,1,46,0,0,0,0,0,0, 5.000000000000000e-002, 1.000000000000000e-002, 2.500000000000000e-001,
18036,0,0,1,46,0,0,0,0,0,0, 5.833333000000000e-002, 9.943182000000000e-003, 2.500000000000000e-001,
18029,0,0,1,46,0,0,0,0,0,0, 5.000000000000000e-002, 2.000000000000000e-002, 2.500000000000000e-001,
18038,0,0,1,46,0,0,0,0,0,0, 5.828901000000000e-002, 2.004719000000000e-002, 2.500000000000000e-001,
18033,0,0,1,46,0,0,0,0,0,0, 5.000000000000000e-002, 3.000000000000000e-002, 2.500000000000000e-001,
18042,0,0,1,46,0,0,0,0,0,0, 5.807432000000000e-002, 3.036252000000000e-002, 2.500000000000000e-001,
18040,0,0,1,46,0,0,0,0,0,0, 5.000000000000000e-002, 4.000000000000000e-002, 2.500000000000000e-001,
18051,0,0,1,46,0,0,0,0,0,0, 5.718058000000000e-002, 4.177860000000000e-002, 2.500000000000000e-001,
18046,0,0,1,46,0,0,0,0,0,0, 6.666667000000000e-002, 9.943182000000000e-003, 2.500000000000000e-001,
18049,0,0,1,46,0,0,0,0,0,0, 6.664682000000000e-002, 1.998719000000000e-002, 2.500000000000000e-001,
18053,0,0,1,46,0,0,0,0,0,0, 6.650866000000000e-002, 3.052592000000000e-002, 2.500000000000000e-001,
18050,0,0,1,46,0,0,0,0,0,0, 5.000000000000000e-002, 5.000000000000000e-002, 2.500000000000000e-001,
18052,0,0,1,46,0,0,0,0,0,0, 4.223898000000000e-002, 5.858598000000000e-002, 2.500000000000000e-001,
18041,0,0,1,46,0,0,0,0,0,0, 4.000000000000000e-002, 5.000000000000000e-002, 2.500000000000000e-001,
18063,0,0,1,46,0,0,0,0,0,0, 6.605783000000000e-002, 4.148501000000000e-002, 2.500000000000000e-001,
18054,0,0,1,46,0,0,0,0,0,0, 3.004389000000000e-002, 6.677819000000000e-002, 2.500000000000000e-001,
18043,0,0,1,46,0,0,0,0,0,0, 3.053692000000000e-002, 5.829863000000000e-002, 2.500000000000000e-001,
18062,0,0,1,46,0,0,0,0,0,0, 4.002529000000000e-002, 6.681520000000001e-002, 2.500000000000000e-001,
18057,0,0,1,46,0,0,0,0,0,0, 7.500000000000000e-002, 1.000000000000000e-002, 2.500000000000000e-001,
18061,0,0,1,46,0,0,0,0,0,0, 7.500000000000000e-002, 2.000000000000000e-002, 2.500000000000000e-001,
18066,0,0,1,46,0,0,0,0,0,0, 7.500000000000000e-002, 3.000000000000000e-002, 2.500000000000000e-001,
18065,0,0,1,46,0,0,0,0,0,0, 5.165657000000000e-002, 6.117989000000000e-002, 2.500000000000000e-001,
18064,0,0,1,46,0,0,0,0,0,0, 4.756604000000000e-002, 6.218957000000000e-002, 2.500000000000000e-001,
18068,0,0,1,46,0,0,0,0,0,0, 4.758167000000000e-002, 6.765034000000000e-002, 2.500000000000000e-001,
18073,0,0,1,46,0,0,0,0,0,0, 7.500000000000000e-002, 4.000000000000000e-002, 2.500000000000000e-001,
18074,0,0,1,46,0,0,0,0,0,0, 4.000000000000000e-002, 7.500000000000000e-002, 2.500000000000000e-001,
18067,0,0,1,46,0,0,0,0,0,0, 3.000000000000000e-002, 7.500000000000000e-002, 2.500000000000000e-001,
18071,0,0,1,46,0,0,0,0,0,0, 8.333333000000000e-002, 1.000000000000000e-002, 2.500000000000000e-001,
18078,0,0,1,46,0,0,0,0,0,0, 8.333333000000000e-002, 2.000000000000000e-002, 2.500000000000000e-001,
18077,0,0,1,46,0,0,0,0,0,0, 5.453735000000000e-002, 6.592874000000000e-002, 2.500000000000000e-001,
18080,0,0,1,46,0,0,0,0,0,0, 8.333333000000000e-002, 3.000000000000000e-002, 2.500000000000000e-001,
18082,0,0,1,46,0,0,0,0,0,0, 5.000000000000000e-002, 7.500000000000000e-002, 2.500000000000000e-001,
18088,0,0,1,46,0,0,0,0,0,0, 8.333333000000000e-002, 4.000000000000000e-002, 2.500000000000000e-001,
18089,0,0,1,46,0,0,0,0,0,0, 4.000000000000000e-002, 8.333333000000000e-002, 2.500000000000000e-001,
18081,0,0,1,46,0,0,0,0,0,0, 3.000000000000000e-002, 8.333333000000000e-002, 2.500000000000000e-001,
18090,0,0,1,46,0,0,0,0,0,0, 5.772542000000000e-002, 7.377641000000000e-002, 2.500000000000000e-001,
18086,0,0,1,46,0,0,0,0,0,0, 9.166667000000001e-002, 1.000000000000000e-002, 2.500000000000000e-001,
18092,0,0,1,46,0,0,0,0,0,0, 9.166667000000001e-002, 2.000000000000000e-002, 2.500000000000000e-001,
18098,0,0,1,46,0,0,0,0,0,0, 8.333333000000000e-002, 5.000000000000000e-002, 2.500000000000000e-001,
18099,0,0,1,46,0,0,0,0,0,0, 5.000000000000000e-002, 8.333333000000000e-002, 2.500000000000000e-001,
18094,0,0,1,46,0,0,0,0,0,0, 6.469463000000000e-002, 7.022542000000000e-002, 2.500000000000000e-001,
18096,0,0,1,46,0,0,0,0,0,0, 9.166667000000001e-002, 3.000000000000000e-002, 2.500000000000000e-001,
18102,0,0,1,46,0,0,0,0,0,0, 9.166667000000001e-002, 4.000000000000000e-002, 2.500000000000000e-001,
18107,0,0,1,46,0,0,0,0,0,0, 6.030057000000000e-002, 8.170188000000001e-002, 2.500000000000000e-001,
18106,0,0,1,46,0,0,0,0,0,0, 8.170188000000001e-002, 6.030057000000000e-002, 2.500000000000000e-001,
18114,0,0,1,46,0,0,0,0,0,0, 9.166667000000001e-002, 5.000000000000000e-002, 2.500000000000000e-001,
18115,0,0,1,46,0,0,0,0,0,0, 5.000000000000000e-002, 9.166667000000001e-002, 2.500000000000000e-001,
18103,0,0,1,46,0,0,0,0,0,0, 4.000000000000000e-002, 9.166667000000001e-002, 2.500000000000000e-001,
18111,0,0,1,46,0,0,0,0,0,0, 6.959284000000000e-002, 7.696723000000000e-002, 2.500000000000000e-001,
18110,0,0,1,46,0,0,0,0,0,0, 7.696723000000000e-002, 6.959284000000000e-002, 2.500000000000000e-001,
18118,0,0,1,46,0,0,0,0,0,0, 8.962735000000000e-002, 6.287571000000000e-002, 2.500000000000000e-001,
18119,0,0,1,46,0,0,0,0,0,0, 6.287571000000000e-002, 8.962735000000000e-002, 2.500000000000000e-001,
18128,0,0,1,46,0,0,0,0,0,0, 8.370904000000000e-002, 7.449105000000000e-002, 2.500000000000000e-001,
18129,0,0,1,46,0,0,0,0,0,0, 7.449105000000000e-002, 8.370904000000000e-002, 2.500000000000000e-001,
18135,0,0,1,46,0,0,0,0,0,0, 6.545085000000001e-002, 9.755282999999999e-002, 2.500000000000000e-001,
18125,0,0,1,46,0,0,0,0,0,0, 5.000000000000000e-002, 1.000000000000000e-001, 2.500000000000000e-001,
18134,0,0,1,46,0,0,0,0,0,0, 9.755282999999999e-002, 6.545085000000001e-002, 2.500000000000000e-001,
18137,0,0,1,46,0,0,0,0,0,0, 9.045085000000000e-002, 7.938926000000000e-002, 2.500000000000000e-001,
18136,0,0,1,46,0,0,0,0,0,0, 7.938926000000000e-002, 9.045085000000000e-002, 2.500000000000000e-001,
18144,0,0,1,46,0,0,0,0,0,0, 8.526712000000000e-002, 9.854101999999999e-002, 2.500000000000000e-001,
18140,0,0,1,46,0,0,0,0,0,0, 6.854101999999999e-002, 1.070634000000000e-001, 2.500000000000000e-001,
18145,0,0,1,46,0,0,0,0,0,0, 9.854101999999999e-002, 8.526712000000000e-002, 2.500000000000000e-001,
   -1
   -1
   404
0,124,3,17,2,1,0,0,
18076,18059,18075,0,0,0,0,0,0,0,
0,0,0,0,0,0,0,0,0,0,
0.,0.,0.,
0.,0.,0.,
0.,0.,0.,
0,0,0,0,0,0,0,0,0,0,0,0,0,0,0,0,
1,124,3,17,2,1,0,0,
18083,18091,18075,0,0,0,0,0,0,0,
0,0,0,0,0,0,0,0,0,0,
0.,0.,0.,
0.,0.,0.,
0.,0.,0.,
0,0,0,0,0,0,0,0,0,0,0,0,0,0,0,0,
2,124,3,17,2,1,0,0,
18091,18095,18075,0,0,0,0,0,0,0,
0,0,0,0,0,0,0,0,0,0,
0.,0.,0.,
0.,0.,0.,
0.,0.,0.,
0,0,0,0,0,0,0,0,0,0,0,0,0,0,0,0,
3,124,3,17,4,1,0,0,
18027,18025,18034,18036,0,0,0,0,0,0,
0,0,0,0,0,0,0,0,0,0,
0.,0.,0.,
0.,0.,0.,
0.,0.,0.,
0,0,0,0,0,0,0,0,0,0,0,0,0,0,0,0,
4,124,3,17,4,1,0,0,
18029,18027,18036,18038,0,0,0,0,0,0,
0,0,0,0,0,0,0,0,0,0,
0.,0.,0.,
0.,0.,0.,
0.,0.,0.,
0,0,0,0,0,0,0,0,0,0,0,0,0,0,0,0,
5,124,3,17,4,1,0,0,
18033,18029,18038,18042,0,0,0,0,0,0,
0,0,0,0,0,0,0,0,0,0,
0.,0.,0.,
0.,0.,0.,
0.,0.,0.,
0,0,0,0,0,0,0,0,0,0,0,0,0,0,0,0,
6,124,3,17,4,1,0,0,
18040,18033,18042,18051,0,0,0,0,0,0,
0,0,0,0,0,0,0,0,0,0,
0.,0.,0.,
0.,0.,0.,
0.,0.,0.,
0,0,0,0,0,0,0,0,0,0,0,0,0,0,0,0,
7,124,3,17,4,1,0,0,
18034,18044,18046,18036,0,0,0,0,0,0,
0,0,0,0,0,0,0,0,0,0,
0.,0.,0.,
0.,0.,0.,
0.,0.,0.,
0,0,0,0,0,0,0,0,0,0,0,0,0,0,0,0,
8,124,3,17,4,1,0,0,
18046,18049,18038,18036,0,0,0,0,0,0,
0,0,0,0,0,0,0,0,0,0,
0.,0.,0.,
0.,0.,0.,
0.,0.,0.,
0,0,0,0,0,0,0,0,0,0,0,0,0,0,0,0,
9,124,3,17,4,1,0,0,
18038,18049,18053,18042,0,0,0,0,0,0,
0,0,0,0,0,0,0,0,0,0,
0.,0.,0.,
0.,0.,0.,
0.,0.,0.,
0,0,0,0,0,0,0,0,0,0,0,0,0,0,0,0,
10,124,3,17,4,1,0,0,
18050,18040,18051,18059,0,0,0,0,0,0,
0,0,0,0,0,0,0,0,0,0,
0.,0.,0.,
0.,0.,0.,
0.,0.,0.,
0,0,0,0,0,0,0,0,0,0,0,0,0,0,0,0,
11,124,3,17,4,1,0,0,
18050,18059,18052,18041,0,0,0,0,0,0,
0,0,0,0,0,0,0,0,0,0,
0.,0.,0.,
0.,0.,0.,
0.,0.,0.,
0,0,0,0,0,0,0,0,0,0,0,0,0,0,0,0,
12,124,3,17,4,1,0,0,
18053,18063,18051,18042,0,0,0,0,0,0,
0,0,0,0,0,0,0,0,0,0,
0.,0.,0.,
0.,0.,0.,
0.,0.,0.,
0,0,0,0,0,0,0,0,0,0,0,0,0,0,0,0,
13,124,3,17,4,1,0,0,
18054,18043,18052,18062,0,0,0,0,0,0,
0,0,0,0,0,0,0,0,0,0,
0.,0.,0.,
0.,0.,0.,
0.,0.,0.,
0,0,0,0,0,0,0,0,0,0,0,0,0,0,0,0,
14,124,3,17,4,1,0,0,
18044,18056,18057,18046,0,0,0,0,0,0,
0,0,0,0,0,0,0,0,0,0,
0.,0.,0.,
0.,0.,0.,
0.,0.,0.,
0,0,0,0,0,0,0,0,0,0,0,0,0,0,0,0,
15,124,3,17,4,1,0,0,
18057,18061,18049,18046,0,0,0,0,0,0,
0,0,0,0,0,0,0,0,0,0,
0.,0.,0.,
0.,0.,0.,
0.,0.,0.,
0,0,0,0,0,0,0,0,0,0,0,0,0,0,0,0,
16,124,3,17,4,1,0,0,
18049,18061,18066,18053,0,0,0,0,0,0,
0,0,0,0,0,0,0,0,0,0,
0.,0.,0.,
0.,0.,0.,
0.,0.,0.,
0,0,0,0,0,0,0,0,0,0,0,0,0,0,0,0,
17,124,3,17,4,1,0,0,
18051,18063,18075,18059,0,0,0,0,0,0,
0,0,0,0,0,0,0,0,0,0,
0.,0.,0.,
0.,0.,0.,
0.,0.,0.,
0,0,0,0,0,0,0,0,0,0,0,0,0,0,0,0,
18,124,3,17,4,1,0,0,
18059,18065,18064,18052,0,0,0,0,0,0,
0,0,0,0,0,0,0,0,0,0,
0.,0.,0.,
0.,0.,0.,
0.,0.,0.,
0,0,0,0,0,0,0,0,0,0,0,0,0,0,0,0,
19,124,3,17,4,1,0,0,
18068,18062,18052,18064,0,0,0,0,0,0,
0,0,0,0,0,0,0,0,0,0,
0.,0.,0.,
0.,0.,0.,
0.,0.,0.,
0,0,0,0,0,0,0,0,0,0,0,0,0,0,0,0,
20,124,3,17,4,1,0,0,
18066,18073,18063,18053,0,0,0,0,0,0,
0,0,0,0,0,0,0,0,0,0,
0.,0.,0.,
0.,0.,0.,
0.,0.,0.,
0,0,0,0,0,0,0,0,0,0,0,0,0,0,0,0,
21,124,3,17,4,1,0,0,
18074,18067,18054,18062,0,0,0,0,0,0,
0,0,0,0,0,0,0,0,0,0,
0.,0.,0.,
0.,0.,0.,
0.,0.,0.,
0,0,0,0,0,0,0,0,0,0,0,0,0,0,0,0,
22,124,3,17,4,1,0,0,
18056,18069,18071,18057,0,0,0,0,0,0,
0,0,0,0,0,0,0,0,0,0,
0.,0.,0.,
0.,0.,0.,
0.,0.,0.,
0,0,0,0,0,0,0,0,0,0,0,0,0,0,0,0,
23,124,3,17,4,1,0,0,
18057,18071,18078,18061,0,0,0,0,0,0,
0,0,0,0,0,0,0,0,0,0,
0.,0.,0.,
0.,0.,0.,
0.,0.,0.,
0,0,0,0,0,0,0,0,0,0,0,0,0,0,0,0,
24,124,3,17,4,1,0,0,
18059,18076,18077,18065,0,0,0,0,0,0,
0,0,0,0,0,0,0,0,0,0,
0.,0.,0.,
0.,0.,0.,
0.,0.,0.,
0,0,0,0,0,0,0,0,0,0,0,0,0,0,0,0,
25,124,3,17,4,1,0,0,
18061,18078,18080,18066,0,0,0,0,0,0,
0,0,0,0,0,0,0,0,0,0,
0.,0.,0.,
0.,0.,0.,
0.,0.,0.,
0,0,0,0,0,0,0,0,0,0,0,0,0,0,0,0,
26,124,3,17,4,1,0,0,
18082,18074,18062,18068,0,0,0,0,0,0,
0,0,0,0,0,0,0,0,0,0,
0.,0.,0.,
0.,0.,0.,
0.,0.,0.,
0,0,0,0,0,0,0,0,0,0,0,0,0,0,0,0,
27,124,3,17,4,1,0,0,
18063,18073,18083,18075,0,0,0,0,0,0,
0,0,0,0,0,0,0,0,0,0,
0.,0.,0.,
0.,0.,0.,
0.,0.,0.,
0,0,0,0,0,0,0,0,0,0,0,0,0,0,0,0,
28,124,3,17,4,1,0,0,
18065,18077,18068,18064,0,0,0,0,0,0,
0,0,0,0,0,0,0,0,0,0,
0.,0.,0.,
0.,0.,0.,
0.,0.,0.,
0,0,0,0,0,0,0,0,0,0,0,0,0,0,0,0,
29,124,3,17,4,1,0,0,
18066,18080,18088,18073,0,0,0,0,0,0,
0,0,0,0,0,0,0,0,0,0,
0.,0.,0.,
0.,0.,0.,
0.,0.,0.,
0,0,0,0,0,0,0,0,0,0,0,0,0,0,0,0,
30,124,3,17,4,1,0,0,
18074,18089,18081,18067,0,0,0,0,0,0,
0,0,0,0,0,0,0,0,0,0,
0.,0.,0.,
0.,0.,0.,
0.,0.,0.,
0,0,0,0,0,0,0,0,0,0,0,0,0,0,0,0,
31,124,3,17,4,1,0,0,
18090,18082,18068,18077,0,0,0,0,0,0,
0,0,0,0,0,0,0,0,0,0,
0.,0.,0.,
0.,0.,0.,
0.,0.,0.,
0,0,0,0,0,0,0,0,0,0,0,0,0,0,0,0,
32,124,3,17,4,1,0,0,
18069,18084,18086,18071,0,0,0,0,0,0,
0,0,0,0,0,0,0,0,0,0,
0.,0.,0.,
0.,0.,0.,
0.,0.,0.,
0,0,0,0,0,0,0,0,0,0,0,0,0,0,0,0,
33,124,3,17,4,1,0,0,
18071,18086,18092,18078,0,0,0,0,0,0,
0,0,0,0,0,0,0,0,0,0,
0.,0.,0.,
0.,0.,0.,
0.,0.,0.,
0,0,0,0,0,0,0,0,0,0,0,0,0,0,0,0,
34,124,3,17,4,1,0,0,
18073,18088,18098,18083,0,0,0,0,0,0,
0,0,0,0,0,0,0,0,0,0,
0.,0.,0.,
0.,0.,0.,
0.,0.,0.,
0,0,0,0,0,0,0,0,0,0,0,0,0,0,0,0,
35,124,3,17,4,1,0,0,
18082,18099,18089,18074,0,0,0,0,0,0,
0,0,0,0,0,0,0,0,0,0,
0.,0.,0.,
0.,0.,0.,
0.,0.,0.,
0,0,0,0,0,0,0,0,0,0,0,0,0,0,0,0,
36,124,3,17,4,1,0,0,
18095,18094,18076,18075,0,0,0,0,0,0,
0,0,0,0,0,0,0,0,0,0,
0.,0.,0.,
0.,0.,0.,
0.,0.,0.,
0,0,0,0,0,0,0,0,0,0,0,0,0,0,0,0,
37,124,3,17,4,1,0,0,
18076,18094,18090,18077,0,0,0,0,0,0,
0,0,0,0,0,0,0,0,0,0,
0.,0.,0.,
0.,0.,0.,
0.,0.,0.,
0,0,0,0,0,0,0,0,0,0,0,0,0,0,0,0,
38,124,3,17,4,1,0,0,
18078,18092,18096,18080,0,0,0,0,0,0,
0,0,0,0,0,0,0,0,0,0,
0.,0.,0.,
0.,0.,0.,
0.,0.,0.,
0,0,0,0,0,0,0,0,0,0,0,0,0,0,0,0,
39,124,3,17,4,1,0,0,
18080,18096,18102,18088,0,0,0,0,0,0,
0,0,0,0,0,0,0,0,0,0,
0.,0.,0.,
0.,0.,0.,
0.,0.,0.,
0,0,0,0,0,0,0,0,0,0,0,0,0,0,0,0,
40,124,3,17,4,1,0,0,
18090,18107,18099,18082,0,0,0,0,0,0,
0,0,0,0,0,0,0,0,0,0,
0.,0.,0.,
0.,0.,0.,
0.,0.,0.,
0,0,0,0,0,0,0,0,0,0,0,0,0,0,0,0,
41,124,3,17,4,1,0,0,
18083,18098,18106,18091,0,0,0,0,0,0,
0,0,0,0,0,0,0,0,0,0,
0.,0.,0.,
0.,0.,0.,
0.,0.,0.,
0,0,0,0,0,0,0,0,0,0,0,0,0,0,0,0,
42,124,3,17,4,1,0,0,
18088,18102,18114,18098,0,0,0,0,0,0,
0,0,0,0,0,0,0,0,0,0,
0.,0.,0.,
0.,0.,0.,
0.,0.,0.,
0,0,0,0,0,0,0,0,0,0,0,0,0,0,0,0,
43,124,3,17,4,1,0,0,
18099,18115,18103,18089,0,0,0,0,0,0,
0,0,0,0,0,0,0,0,0,0,
0.,0.,0.,
0.,0.,0.,
0.,0.,0.,
0,0,0,0,0,0,0,0,0,0,0,0,0,0,0,0,
44,124,3,17,4,1,0,0,
18094,18111,18107,18090,0,0,0,0,0,0,
0,0,0,0,0,0,0,0,0,0,
0.,0.,0.,
0.,0.,0.,
0.,0.,0.,
0,0,0,0,0,0,0,0,0,0,0,0,0,0,0,0,
45,124,3,17,4,1,0,0,
18091,18106,18110,18095,0,0,0,0,0,0,
0,0,0,0,0,0,0,0,0,0,
0.,0.,0.,
0.,0.,0.,
0.,0.,0.,
0,0,0,0,0,0,0,0,0,0,0,0,0,0,0,0,
46,124,3,17,4,1,0,0,
18095,18110,18111,18094,0,0,0,0,0,0,
0,0,0,0,0,0,0,0,0,0,
0.,0.,0.,
0.,0.,0.,
0.,0.,0.,
0,0,0,0,0,0,0,0,0,0,0,0,0,0,0,0,
47,124,3,17,4,1,0,0,
18098,18114,18118,18106,0,0,0,0,0,0,
0,0,0,0,0,0,0,0,0,0,
0.,0.,0.,
0.,0.,0.,
0.,0.,0.,
0,0,0,0,0,0,0,0,0,0,0,0,0,0,0,0,
48,124,3,17,4,1,0,0,
18107,18119,18115,18099,0,0,0,0,0,0,
0,0,0,0,0,0,0,0,0,0,
0.,0.,0.,
0.,0.,0.,
0.,0.,0.,
0,0,0,0,0,0,0,0,0,0,0,0,0,0,0,0,
49,124,3,17,4,1,0,0,
18106,18118,18128,18110,0,0,0,0,0,0,
0,0,0,0,0,0,0,0,0,0,
0.,0.,0.,
0.,0.,0.,
0.,0.,0.,
0,0,0,0,0,0,0,0,0,0,0,0,0,0,0,0,
50,124,3,17,4,1,0,0,
18111,18129,18119,18107,0,0,0,0,0,0,
0,0,0,0,0,0,0,0,0,0,
0.,0.,0.,
0.,0.,0.,
0.,0.,0.,
0,0,0,0,0,0,0,0,0,0,0,0,0,0,0,0,
51,124,3,17,4,1,0,0,
18110,18128,18129,18111,0,0,0,0,0,0,
0,0,0,0,0,0,0,0,0,0,
0.,0.,0.,
0.,0.,0.,
0.,0.,0.,
0,0,0,0,0,0,0,0,0,0,0,0,0,0,0,0,
52,124,3,17,4,1,0,0,
18119,18135,18125,18115,0,0,0,0,0,0,
0,0,0,0,0,0,0,0,0,0,
0.,0.,0.,
0.,0.,0.,
0.,0.,0.,
0,0,0,0,0,0,0,0,0,0,0,0,0,0,0,0,
53,124,3,17,4,1,0,0,
18118,18134,18137,18128,0,0,0,0,0,0,
0,0,0,0,0,0,0,0,0,0,
0.,0.,0.,
0.,0.,0.,
0.,0.,0.,
0,0,0,0,0,0,0,0,0,0,0,0,0,0,0,0,
54,124,3,17,4,1,0,0,
18129,18136,18135,18119,0,0,0,0,0,0,
0,0,0,0,0,0,0,0,0,0,
0.,0.,0.,
0.,0.,0.,
0.,0.,0.,
0,0,0,0,0,0,0,0,0,0,0,0,0,0,0,0,
55,124,3,17,4,1,0,0,
18128,18137,18136,18129,0,0,0,0,0,0,
0,0,0,0,0,0,0,0,0,0,
0.,0.,0.,
0.,0.,0.,
0.,0.,0.,
0,0,0,0,0,0,0,0,0,0,0,0,0,0,0,0,
56,124,3,17,4,1,0,0,
18135,18136,18144,18140,0,0,0,0,0,0,
0,0,0,0,0,0,0,0,0,0,
0.,0.,0.,
0.,0.,0.,
0.,0.,0.,
0,0,0,0,0,0,0,0,0,0,0,0,0,0,0,0,
57,124,3,17,4,1,0,0,
18136,18137,18145,18144,0,0,0,0,0,0,
0,0,0,0,0,0,0,0,0,0,
0.,0.,0.,
0.,0.,0.,
0.,0.,0.,
0,0,0,0,0,0,0,0,0,0,0,0,0,0,0,0,
   -1
   -1
   403
   -1
   -1
   404
   -1
   -1
   403
   -1
   -1
   404
   -1
   -1
   403
9083,0,0,1,46,0,0,0,0,0,0, 7.500000000000000e-002, 5.000000000000000e-002, 6.000000000000001e-002,
9075,0,0,1,46,0,0,0,0,0,0, 6.516597000000000e-002, 5.460212000000000e-002, 6.000000000000001e-002,
9091,0,0,1,46,0,0,0,0,0,0, 7.377641000000000e-002, 5.772542000000000e-002, 6.000000000000001e-002,
9095,0,0,1,46,0,0,0,0,0,0, 7.022542000000000e-002, 6.469463000000000e-002, 6.000000000000001e-002,
9076,0,0,1,46,0,0,0,0,0,0, 5.956667000000000e-002, 6.138868000000000e-002, 6.000000000000001e-002,
9094,0,0,1,46,0,0,0,0,0,0, 6.469463000000000e-002, 7.022542000000000e-002, 6.000000000000001e-002,
9063,0,0,1,46,0,0,0,0,0,0, 6.605783000000000e-002, 4.148501000000000e-002, 6.000000000000001e-002,
9073,0,0,1,46,0,0,0,0,0,0, 7.500000000000000e-002, 4.000000000000000e-002, 6.000000000000001e-002,
8083,0,0,1,46,0,0,0,0,0,0, 7.500000000000000e-002, 5.000000000000000e-002, 5.000000000000000e-002,
8091,0,0,1,46,0,0,0,0,0,0, 7.377641000000000e-002, 5.772542000000000e-002, 5.000000000000000e-002,
8073,0,0,1,46,0,0,0,0,0,0, 7.500000000000000e-002, 4.000000000000000e-002, 5.000000000000000e-002,
8095,0,0,1,46,0,0,0,0,0,0, 7.022542000000000e-002, 6.469463000000000e-002, 5.000000000000000e-002,
8046,0,0,1,46,0,0,0,0,0,0, 6.666667000000000e-002, 9.943182000000000e-003, 5.000000000000000e-002,
8057,0,0,1,46,0,0,0,0,0,0, 7.500000000000000e-002, 1.000000000000000e-002, 5.000000000000000e-002,
8049,0,0,1,46,0,0,0,0,0,0, 6.664682000000000e-002, 1.998719000000000e-002, 5.000000000000000e-002,
8061,0,0,1,46,0,0,0,0,0,0, 7.500000000000000e-002, 2.000000000000000e-002, 5.000000000000000e-002,
8053,0,0,1,46,0,0,0,0,0,0, 6.650866000000000e-002, 3.052592000000000e-002, 5.000000000000000e-002,
8066,0,0,1,46,0,0,0,0,0,0, 7.500000000000000e-002, 3.000000000000000e-002, 5.000000000000000e-002,
8063,0,0,1,46,0,0,0,0,0,0, 6.605783000000000e-002, 4.148501000000000e-002, 5.000000000000000e-002,
8098,0,0,1,46,0,0,0,0,0,0, 8.333333000000000e-002, 5.000000000000000e-002, 5.000000000000000e-002,
8088,0,0,1,46,0,0,0,0,0,0, 8.333333000000000e-002, 4.000000000000000e-002, 5.000000000000000e-002,
8106,0,0,1,46,0,0,0,0,0,0, 8.170188000000001e-002, 6.030057000000000e-002, 5.000000000000000e-002,
8110,0,0,1,46,0,0,0,0,0,0, 7.696723000000000e-002, 6.959284000000000e-002, 5.000000000000000e-002,
8036,0,0,1,46,0,0,0,0,0,0, 5.833333000000000e-002, 9.943182000000000e-003, 5.000000000000000e-002,
8038,0,0,1,46,0,0,0,0,0,0, 5.828901000000000e-002, 2.004719000000000e-002, 5.000000000000000e-002,
8042,0,0,1,46,0,0,0,0,0,0, 5.807432000000000e-002, 3.036252000000000e-002, 5.000000000000000e-002,
9042,0,0,1,46,0,0,0,0,0,0, 5.807432000000000e-002, 3.036252000000000e-002, 6.000000000000001e-002,
9053,0,0,1,46,0,0,0,0,0,0, 6.650866000000000e-002, 3.052592000000000e-002, 6.000000000000001e-002,
9051,0,0,1,46,0,0,0,0,0,0, 5.718058000000000e-002, 4.177860000000000e-002, 6.000000000000001e-002,
10076,0,0,1,46,0,0,0,0,0,0, 5.956667000000000e-002, 6.138868000000000e-002, 7.000000000000001e-002,
10075,0,0,1,46,0,0,0,0,0,0, 6.516597000000000e-002, 5.460212000000000e-002, 7.000000000000001e-002,
10059,0,0,1,46,0,0,0,0,0,0, 5.457113000000000e-002, 5.442513000000000e-002, 7.000000000000001e-002,
10063,0,0,1,46,0,0,0,0,0,0, 6.605783000000000e-002, 4.148501000000000e-002, 7.000000000000001e-002,
11059,0,0,1,46,0,0,0,0,0,0, 5.457113000000000e-002, 5.442513000000000e-002, 8.000000000000000e-002,
11076,0,0,1,46,0,0,0,0,0,0, 5.956667000000000e-002, 6.138868000000000e-002, 8.000000000000000e-002,
10094,0,0,1,46,0,0,0,0,0,0, 6.469463000000000e-002, 7.022542000000000e-002, 7.000000000000001e-002,
10077,0,0,1,46,0,0,0,0,0,0, 5.453735000000000e-002, 6.592874000000000e-002, 7.000000000000001e-002,
10090,0,0,1,46,0,0,0,0,0,0, 5.772542000000000e-002, 7.377641000000000e-002, 7.000000000000001e-002,
11077,0,0,1,46,0,0,0,0,0,0, 5.453735000000000e-002, 6.592874000000000e-002, 8.000000000000000e-002,
10051,0,0,1,46,0,0,0,0,0,0, 5.718058000000000e-002, 4.177860000000000e-002, 7.000000000000001e-002,
11051,0,0,1,46,0,0,0,0,0,0, 5.718058000000000e-002, 4.177860000000000e-002, 8.000000000000000e-002,
9046,0,0,1,46,0,0,0,0,0,0, 6.666667000000000e-002, 9.943182000000000e-003, 6.000000000000001e-002,
9036,0,0,1,46,0,0,0,0,0,0, 5.833333000000000e-002, 9.943182000000000e-003, 6.000000000000001e-002,
9038,0,0,1,46,0,0,0,0,0,0, 5.828901000000000e-002, 2.004719000000000e-002, 6.000000000000001e-002,
10036,0,0,1,46,0,0,0,0,0,0, 5.833333000000000e-002, 9.943182000000000e-003, 7.000000000000001e-002,
10038,0,0,1,46,0,0,0,0,0,0, 5.828901000000000e-002, 2.004719000000000e-002, 7.000000000000001e-002,
10042,0,0,1,46,0,0,0,0,0,0, 5.807432000000000e-002, 3.036252000000000e-002, 7.000000000000001e-002,
11036,0,0,1,46,0,0,0,0,0,0, 5.833333000000000e-002, 9.943182000000000e-003, 8.000000000000000e-002,
11038,0,0,1,46,0,0,0,0,0,0, 5.828901000000000e-002, 2.004719000000000e-002, 8.000000000000000e-002,
11042,0,0,1,46,0,0,0,0,0,0, 5.807432000000000e-002, 3.036252000000000e-002, 8.000000000000000e-002,
9090,0,0,1,46,0,0,0,0,0,0, 5.772542000000000e-002, 7.377641000000000e-002, 6.000000000000001e-002,
11090,0,0,1,46,0,0,0,0,0,0, 5.772542000000000e-002, 7.377641000000000e-002, 8.000000000000000e-002,
11082,0,0,1,46,0,0,0,0,0,0, 5.000000000000000e-002, 7.500000000000000e-002, 8.000000000000000e-002,
10082,0,0,1,46,0,0,0,0,0,0, 5.000000000000000e-002, 7.500000000000000e-002, 7.000000000000001e-002,
12036,0,0,1,46,0,0,0,0,0,0, 5.833333000000000e-002, 9.943182000000000e-003, 9.000000000000000e-002,
12038,0,0,1,46,0,0,0,0,0,0, 5.828901000000000e-002, 2.004719000000000e-002, 9.000000000000000e-002,
12042,0,0,1,46,0,0,0,0,0,0, 5.807432000000000e-002, 3.036252000000000e-002, 9.000000000000000e-002,
12051,0,0,1,46,0,0,0,0,0,0, 5.718058000000000e-002, 4.177860000000000e-002, 9.000000000000000e-002,
12059,0,0,1,46,0,0,0,0,0,0, 5.457113000000000e-002, 5.442513000000000e-002, 9.000000000000000e-002,
11065,0,0,1,46,0,0,0,0,0,0, 5.165657000000000e-002, 6.117989000000000e-002, 8.000000000000000e-002,
12065,0,0,1,46,0,0,0,0,0,0, 5.165657000000000e-002, 6.117989000000000e-002, 9.000000000000000e-002,
11068,0,0,1,46,0,0,0,0,0,0, 4.758167000000000e-002, 6.765034000000000e-002, 8.000000000000000e-002,
12077,0,0,1,46,0,0,0,0,0,0, 5.453735000000000e-002, 6.592874000000000e-002, 9.000000000000000e-002,
12068,0,0,1,46,0,0,0,0,0,0, 4.758167000000000e-002, 6.765034000000000e-002, 9.000000000000000e-002,
12082,0,0,1,46,0,0,0,0,0,0, 5.000000000000000e-002, 7.500000000000000e-002, 9.000000000000000e-002,
13036,0,0,1,46,0,0,0,0,0,0, 5.833333000000000e-002, 9.943182000000000e-003, 1.000000000000000e-001,
13038,0,0,1,46,0,0,0,0,0,0, 5.828901000000000e-002, 2.004719000000000e-002, 1.000000000000000e-001,
13042,0,0,1,46,0,0,0,0,0,0, 5.807432000000000e-002, 3.036252000000000e-002, 1.000000000000000e-001,
13051,0,0,1,46,0,0,0,0,0,0, 5.718058000000000e-002, 4.177860000000000e-002, 1.000000000000000e-001,
12050,0,0,1,46,0,0,0,0,0,0, 5.000000000000000e-002, 5.000000000000000e-002, 9.000000000000000e-002,
12040,0,0,1,46,0,0,0,0,0,0, 5.000000000000000e-002, 4.000000000000000e-002, 9.000000000000000e-002,
13040,0,0,1,46,0,0,0,0,0,0, 5.000000000000000e-002, 4.000000000000000e-002, 1.000000000000000e-001,
12052,0,0,1,46,0,0,0,0,0,0, 4.223898000000000e-002, 5.858598000000000e-002, 9.000000000000000e-002,
12064,0,0,1,46,0,0,0,0,0,0, 4.756604000000000e-002, 6.218957000000000e-002, 9.000000000000000e-002,
13050,0,0,1,46,0,0,0,0,0,0, 5.000000000000000e-002, 5.000000000000000e-002, 1.000000000000000e-001,
13059,0,0,1,46,0,0,0,0,0,0, 5.457113000000000e-002, 5.442513000000000e-002, 1.000000000000000e-001,
13052,0,0,1,46,0,0,0,0,0,0, 4.223898000000000e-002, 5.858598000000000e-002, 1.000000000000000e-001,
13068,0,0,1,46,0,0,0,0,0,0, 4.758167000000000e-002, 6.765034000000000e-002, 1.000000000000000e-001,
13082,0,0,1,46,0,0,0,0,0,0, 5.000000000000000e-002, 7.500000000000000e-002, 1.000000000000000e-001,
13064,0,0,1,46,0,0,0,0,0,0, 4.756604000000000e-002, 6.218957000000000e-002, 1.000000000000000e-001,
13027,0,0,1,46,0,0,0,0,0,0, 5.000000000000000e-002, 1.000000000000000e-002, 1.000000000000000e-001,
13029,0,0,1,46,0,0,0,0,0,0, 5.000000000000000e-002, 2.000000000000000e-002, 1.000000000000000e-001,
13033,0,0,1,46,0,0,0,0,0,0, 5.000000000000000e-002, 3.000000000000000e-002, 1.000000000000000e-001,
14040,0,0,1,46,0,0,0,0,0,0, 5.000000000000000e-002, 4.000000000000000e-002, 1.142325639819031e-001,
14050,0,0,1,46,0,0,0,0,0,0, 5.000000000000000e-002, 5.000000000000000e-002, 1.142325639819031e-001,
14033,0,0,1,46,0,0,0,0,0,0, 5.000000000000000e-002, 3.000000000000000e-002, 1.142325639819031e-001,
13041,0,0,1,46,0,0,0,0,0,0, 4.000000000000000e-002, 5.000000000000000e-002, 1.000000000000000e-001,
14041,0,0,1,46,0,0,0,0,0,0, 4.000000000000000e-002, 5.000000000000000e-002, 1.142325639819031e-001,
13062,0,0,1,46,0,0,0,0,0,0, 4.002529000000000e-002, 6.681520000000001e-002, 1.000000000000000e-001,
14052,0,0,1,46,0,0,0,0,0,0, 4.223898000000000e-002, 5.858598000000000e-002, 1.142325639819031e-001,
14062,0,0,1,46,0,0,0,0,0,0, 4.002529000000000e-002, 6.681520000000001e-002, 1.142325639819031e-001,
13074,0,0,1,46,0,0,0,0,0,0, 4.000000000000000e-002, 7.500000000000000e-002, 1.000000000000000e-001,
14027,0,0,1,46,0,0,0,0,0,0, 5.000000000000000e-002, 1.000000000000000e-002, 1.142325639819031e-001,
14029,0,0,1,46,0,0,0,0,0,0, 5.000000000000000e-002, 2.000000000000000e-002, 1.142325639819031e-001,
15027,0,0,1,46,0,0,0,0,0,0, 5.000000000000000e-002, 1.000000000000000e-002, 1.338735022769294e-001,
15029,0,0,1,46,0,0,0,0,0,0, 5.000000000000000e-002, 2.000000000000000e-002, 1.338735022769294e-001,
15033,0,0,1,46,0,0,0,0,0,0, 5.000000000000000e-002, 3.000000000000000e-002, 1.338735022769294e-001,
15040,0,0,1,46,0,0,0,0,0,0, 5.000000000000000e-002, 4.000000000000000e-002, 1.338735022769294e-001,
15050,0,0,1,46,0,0,0,0,0,0, 5.000000000000000e-002, 5.000000000000000e-002, 1.338735022769294e-001,
15041,0,0,1,46,0,0,0,0,0,0, 4.000000000000000e-002, 5.000000000000000e-002, 1.338735022769294e-001,
15052,0,0,1,46,0,0,0,0,0,0, 4.223898000000000e-002, 5.858598000000000e-002, 1.338735022769294e-001,
14054,0,0,1,46,0,0,0,0,0,0, 3.004389000000000e-002, 6.677819000000000e-002, 1.142325639819031e-001,
14043,0,0,1,46,0,0,0,0,0,0, 3.053692000000000e-002, 5.829863000000000e-002, 1.142325639819031e-001,
15043,0,0,1,46,0,0,0,0,0,0, 3.053692000000000e-002, 5.829863000000000e-002, 1.338735022769294e-001,
14074,0,0,1,46,0,0,0,0,0,0, 4.000000000000000e-002, 7.500000000000000e-002, 1.142325639819031e-001,
14067,0,0,1,46,0,0,0,0,0,0, 3.000000000000000e-002, 7.500000000000000e-002, 1.142325639819031e-001,
16027,0,0,1,46,0,0,0,0,0,0, 5.000000000000000e-002, 1.000000000000000e-002, 1.609779971240657e-001,
16029,0,0,1,46,0,0,0,0,0,0, 5.000000000000000e-002, 2.000000000000000e-002, 1.609779971240657e-001,
16033,0,0,1,46,0,0,0,0,0,0, 5.000000000000000e-002, 3.000000000000000e-002, 1.609779971240657e-001,
16040,0,0,1,46,0,0,0,0,0,0, 5.000000000000000e-002, 4.000000000000000e-002, 1.609779971240657e-001,
16050,0,0,1,46,0,0,0,0,0,0, 5.000000000000000e-002, 5.000000000000000e-002, 1.609779971240657e-001,
16041,0,0,1,46,0,0,0,0,0,0, 4.000000000000000e-002, 5.000000000000000e-002, 1.609779971240657e-001,
16052,0,0,1,46,0,0,0,0,0,0, 4.223898000000000e-002, 5.858598000000000e-002, 1.609779971240657e-001,
16043,0,0,1,46,0,0,0,0,0,0, 3.053692000000000e-002, 5.829863000000000e-002, 1.609779971240657e-001,
15054,0,0,1,46,0,0,0,0,0,0, 3.004389000000000e-002, 6.677819000000000e-002, 1.338735022769294e-001,
15067,0,0,1,46,0,0,0,0,0,0, 3.000000000000000e-002, 7.500000000000000e-002, 1.338735022769294e-001,
16054,0,0,1,46,0,0,0,0,0,0, 3.004389000000000e-002, 6.677819000000000e-002, 1.609779971240657e-001,
16067,0,0,1,46,0,0,0,0,0,0, 3.000000000000000e-002, 7.500000000000000e-002, 1.609779971240657e-001,
17027,0,0,1,46,0,0,0,0,0,0, 5.000000000000000e-002, 1.000000000000000e-002, 1.983822000131137e-001,
17029,0,0,1,46,0,0,0,0,0,0, 5.000000000000000e-002, 2.000000000000000e-002, 1.983822000131137e-001,
17033,0,0,1,46,0,0,0,0,0,0, 5.000000000000000e-002, 3.000000000000000e-002, 1.983822000131137e-001,
17040,0,0,1,46,0,0,0,0,0,0, 5.000000000000000e-002, 4.000000000000000e-002, 1.983822000131137e-001,
17050,0,0,1,46,0,0,0,0,0,0, 5.000000000000000e-002, 5.000000000000000e-002, 1.983822000131137e-001,
17041,0,0,1,46,0,0,0,0,0,0, 4.000000000000000e-002, 5.000000000000000e-002, 1.983822000131137e-001,
17052,0,0,1,46,0,0,0,0,0,0, 4.223898000000000e-002, 5.858598000000000e-002, 1.983822000131137e-001,
17043,0,0,1,46,0,0,0,0,0,0, 3.053692000000000e-002, 5.829863000000000e-002, 1.983822000131137e-001,
17054,0,0,1,46,0,0,0,0,0,0, 3.004389000000000e-002, 6.677819000000000e-002, 1.983822000131137e-001,
17067,0,0,1,46,0,0,0,0,0,0, 3.000000000000000e-002, 7.500000000000000e-002, 1.983822000131137e-001,
8071,0,0,1,46,0,0,0,0,0,0, 8.333333000000000e-002, 1.000000000000000e-002, 5.000000000000000e-002,
8078,0,0,1,46,0,0,0,0,0,0, 8.333333000000000e-002, 2.000000000000000e-002, 5.000000000000000e-002,
8080,0,0,1,46,0,0,0,0,0,0, 8.333333000000000e-002, 3.000000000000000e-002, 5.000000000000000e-002,
9098,0,0,1,46,0,0,0,0,0,0, 8.333333000000000e-002, 5.000000000000000e-002, 6.000000000000001e-002,
9088,0,0,1,46,0,0,0,0,0,0, 8.333333000000000e-002, 4.000000000000000e-002, 6.000000000000001e-002,
9080,0,0,1,46,0,0,0,0,0,0, 8.333333000000000e-002, 3.000000000000000e-002, 6.000000000000001e-002,
8118,0,0,1,46,0,0,0,0,0,0, 8.962735000000000e-002, 6.287571000000000e-002, 5.000000000000000e-002,
8114,0,0,1,46,0,0,0,0,0,0, 9.166667000000001e-002, 5.000000000000000e-002, 5.000000000000000e-002,
9114,0,0,1,46,0,0,0,0,0,0, 9.166667000000001e-002, 5.000000000000000e-002, 6.000000000000001e-002,
9118,0,0,1,46,0,0,0,0,0,0, 8.962735000000000e-002, 6.287571000000000e-002, 6.000000000000001e-002,
9071,0,0,1,46,0,0,0,0,0,0, 8.333333000000000e-002, 1.000000000000000e-002, 6.000000000000001e-002,
9078,0,0,1,46,0,0,0,0,0,0, 8.333333000000000e-002, 2.000000000000000e-002, 6.000000000000001e-002,
9086,0,0,1,46,0,0,0,0,0,0, 9.166667000000001e-002, 1.000000000000000e-002, 6.000000000000001e-002,
9092,0,0,1,46,0,0,0,0,0,0, 9.166667000000001e-002, 2.000000000000000e-002, 6.000000000000001e-002,
9096,0,0,1,46,0,0,0,0,0,0, 9.166667000000001e-002, 3.000000000000000e-002, 6.000000000000001e-002,
9102,0,0,1,46,0,0,0,0,0,0, 9.166667000000001e-002, 4.000000000000000e-002, 6.000000000000001e-002,
10107,0,0,1,46,0,0,0,0,0,0, 6.030057000000000e-002, 8.170188000000001e-002, 7.000000000000001e-002,
10099,0,0,1,46,0,0,0,0,0,0, 5.000000000000000e-002, 8.333333000000000e-002, 7.000000000000001e-002,
11099,0,0,1,46,0,0,0,0,0,0, 5.000000000000000e-002, 8.333333000000000e-002, 8.000000000000000e-002,
11107,0,0,1,46,0,0,0,0,0,0, 6.030057000000000e-002, 8.170188000000001e-002, 8.000000000000000e-002,
11119,0,0,1,46,0,0,0,0,0,0, 6.287571000000000e-002, 8.962735000000000e-002, 8.000000000000000e-002,
10119,0,0,1,46,0,0,0,0,0,0, 6.287571000000000e-002, 8.962735000000000e-002, 7.000000000000001e-002,
12099,0,0,1,46,0,0,0,0,0,0, 5.000000000000000e-002, 8.333333000000000e-002, 9.000000000000000e-002,
12107,0,0,1,46,0,0,0,0,0,0, 6.030057000000000e-002, 8.170188000000001e-002, 9.000000000000000e-002,
12119,0,0,1,46,0,0,0,0,0,0, 6.287571000000000e-002, 8.962735000000000e-002, 9.000000000000000e-002,
11129,0,0,1,46,0,0,0,0,0,0, 7.449105000000000e-002, 8.370904000000000e-002, 8.000000000000000e-002,
12129,0,0,1,46,0,0,0,0,0,0, 7.449105000000000e-002, 8.370904000000000e-002, 9.000000000000000e-002,
13099,0,0,1,46,0,0,0,0,0,0, 5.000000000000000e-002, 8.333333000000000e-002, 1.000000000000000e-001,
13107,0,0,1,46,0,0,0,0,0,0, 6.030057000000000e-002, 8.170188000000001e-002, 1.000000000000000e-001,
13119,0,0,1,46,0,0,0,0,0,0, 6.287571000000000e-002, 8.962735000000000e-002, 1.000000000000000e-001,
13129,0,0,1,46,0,0,0,0,0,0, 7.449105000000000e-002, 8.370904000000000e-002, 1.000000000000000e-001,
13136,0,0,1,46,0,0,0,0,0,0, 7.938926000000000e-002, 9.045085000000000e-002, 1.000000000000000e-001,
12136,0,0,1,46,0,0,0,0,0,0, 7.938926000000000e-002, 9.045085000000000e-002, 9.000000000000000e-002,
14082,0,0,1,46,0,0,0,0,0,0, 5.000000000000000e-002, 7.500000000000000e-002, 1.142325639819031e-001,
14099,0,0,1,46,0,0,0,0,0,0, 5.000000000000000e-002, 8.333333000000000e-002, 1.142325639819031e-001,
14107,0,0,1,46,0,0,0,0,0,0, 6.030057000000000e-002, 8.170188000000001e-002, 1.142325639819031e-001,
14119,0,0,1,46,0,0,0,0,0,0, 6.287571000000000e-002, 8.962735000000000e-002, 1.142325639819031e-001,
14129,0,0,1,46,0,0,0,0,0,0, 7.449105000000000e-002, 8.370904000000000e-002, 1.142325639819031e-001,
14136,0,0,1,46,0,0,0,0,0,0, 7.938926000000000e-002, 9.045085000000000e-002, 1.142325639819031e-001,
14089,0,0,1,46,0,0,0,0,0,0, 4.000000000000000e-002, 8.333333000000000e-002, 1.142325639819031e-001,
15074,0,0,1,46,0,0,0,0,0,0, 4.000000000000000e-002, 7.500000000000000e-002, 1.338735022769294e-001,
15089,0,0,1,46,0,0,0,0,0,0, 4.000000000000000e-002, 8.333333000000000e-002, 1.338735022769294e-001,
14115,0,0,1,46,0,0,0,0,0,0, 5.000000000000000e-002, 9.166667000000001e-002, 1.142325639819031e-001,
15099,0,0,1,46,0,0,0,0,0,0, 5.000000000000000e-002, 8.333333000000000e-002, 1.338735022769294e-001,
15115,0,0,1,46,0,0,0,0,0,0, 5.000000000000000e-002, 9.166667000000001e-002, 1.338735022769294e-001,
14135,0,0,1,46,0,0,0,0,0,0, 6.545085000000001e-002, 9.755282999999999e-002, 1.142325639819031e-001,
15119,0,0,1,46,0,0,0,0,0,0, 6.287571000000000e-002, 8.962735000000000e-002, 1.338735022769294e-001,
15135,0,0,1,46,0,0,0,0,0,0, 6.545085000000001e-002, 9.755282999999999e-002, 1.338735022769294e-001,
15136,0,0,1,46,0,0,0,0,0,0, 7.938926000000000e-002, 9.045085000000000e-002, 1.338735022769294e-001,
16074,0,0,1,46,0,0,0,0,0,0, 4.000000000000000e-002, 7.500000000000000e-002, 1.609779971240657e-001,
16089,0,0,1,46,0,0,0,0,0,0, 4.000000000000000e-002, 8.333333000000000e-002, 1.609779971240657e-001,
16099,0,0,1,46,0,0,0,0,0,0, 5.000000000000000e-002, 8.333333000000000e-002, 1.609779971240657e-001,
16115,0,0,1,46,0,0,0,0,0,0, 5.000000000000000e-002, 9.166667000000001e-002, 1.609779971240657e-001,
16119,0,0,1,46,0,0,0,0,0,0, 6.287571000000000e-002, 8.962735000000000e-002, 1.609779971240657e-001,
16135,0,0,1,46,0,0,0,0,0,0, 6.545085000000001e-002, 9.755282999999999e-002, 1.609779971240657e-001,
16136,0,0,1,46,0,0,0,0,0,0, 7.938926000000000e-002, 9.045085000000000e-002, 1.609779971240657e-001,
16144,0,0,1,46,0,0,0,0,0,0, 8.526712000000000e-002, 9.854101999999999e-002, 1.609779971240657e-001,
15144,0,0,1,46,0,0,0,0,0,0, 8.526712000000000e-002, 9.854101999999999e-002, 1.338735022769294e-001,
16081,0,0,1,46,0,0,0,0,0,0, 3.000000000000000e-002, 8.333333000000000e-002, 1.609779971240657e-001,
17081,0,0,1,46,0,0,0,0,0,0, 3.000000000000000e-002, 8.333333000000000e-002, 1.983822000131137e-001,
16103,0,0,1,46,0,0,0,0,0,0, 4.000000000000000e-002, 9.166667000000001e-002, 1.609779971240657e-001,
17089,0,0,1,46,0,0,0,0,0,0, 4.000000000000000e-002, 8.333333000000000e-002, 1.983822000131137e-001,
17103,0,0,1,46,0,0,0,0,0,0, 4.000000000000000e-002, 9.166667000000001e-002, 1.983822000131137e-001,
16125,0,0,1,46,0,0,0,0,0,0, 5.000000000000000e-002, 1.000000000000000e-001, 1.609779971240657e-001,
17115,0,0,1,46,0,0,0,0,0,0, 5.000000000000000e-002, 9.166667000000001e-002, 1.983822000131137e-001,
17125,0,0,1,46,0,0,0,0,0,0, 5.000000000000000e-002, 1.000000000000000e-001, 1.983822000131137e-001,
16140,0,0,1,46,0,0,0,0,0,0, 6.854101999999999e-002, 1.070634000000000e-001, 1.609779971240657e-001,
17135,0,0,1,46,0,0,0,0,0,0, 6.545085000000001e-002, 9.755282999999999e-002, 1.983822000131137e-001,
17140,0,0,1,46,0,0,0,0,0,0, 6.854101999999999e-002, 1.070634000000000e-001, 1.983822000131137e-001,
17144,0,0,1,46,0,0,0,0,0,0, 8.526712000000000e-002, 9.854101999999999e-002, 1.983822000131137e-001,
9110,0,0,1,46,0,0,0,0,0,0, 7.696723000000000e-002, 6.959284000000000e-002, 6.000000000000001e-002,
9106,0,0,1,46,0,0,0,0,0,0, 8.170188000000001e-002, 6.030057000000000e-002, 6.000000000000001e-002,
9111,0,0,1,46,0,0,0,0,0,0, 6.959284000000000e-002, 7.696723000000000e-002, 6.000000000000001e-002,
10111,0,0,1,46,0,0,0,0,0,0, 6.959284000000000e-002, 7.696723000000000e-002, 7.000000000000001e-002,
10110,0,0,1,46,0,0,0,0,0,0, 7.696723000000000e-002, 6.959284000000000e-002, 7.000000000000001e-002,
9107,0,0,1,46,0,0,0,0,0,0, 6.030057000000000e-002, 8.170188000000001e-002, 6.000000000000001e-002,
9128,0,0,1,46,0,0,0,0,0,0, 8.370904000000000e-002, 7.449105000000000e-002, 6.000000000000001e-002,
10128,0,0,1,46,0,0,0,0,0,0, 8.370904000000000e-002, 7.449105000000000e-002, 7.000000000000001e-002,
10118,0,0,1,46,0,0,0,0,0,0, 8.962735000000000e-002, 6.287571000000000e-002, 7.000000000000001e-002,
10129,0,0,1,46,0,0,0,0,0,0, 7.449105000000000e-002, 8.370904000000000e-002, 7.000000000000001e-002,
11128,0,0,1,46,0,0,0,0,0,0, 8.370904000000000e-002, 7.449105000000000e-002, 8.000000000000000e-002,
10114,0,0,1,46,0,0,0,0,0,0, 9.166667000000001e-002, 5.000000000000000e-002, 7.000000000000001e-002,
10102,0,0,1,46,0,0,0,0,0,0, 9.166667000000001e-002, 4.000000000000000e-002, 7.000000000000001e-002,
10086,0,0,1,46,0,0,0,0,0,0, 9.166667000000001e-002, 1.000000000000000e-002, 7.000000000000001e-002,
10092,0,0,1,46,0,0,0,0,0,0, 9.166667000000001e-002, 2.000000000000000e-002, 7.000000000000001e-002,
10096,0,0,1,46,0,0,0,0,0,0, 9.166667000000001e-002, 3.000000000000000e-002, 7.000000000000001e-002,
11086,0,0,1,46,0,0,0,0,0,0, 9.166667000000001e-002, 1.000000000000000e-002, 8.000000000000000e-002,
11092,0,0,1,46,0,0,0,0,0,0, 9.166667000000001e-002, 2.000000000000000e-002, 8.000000000000000e-002,
11096,0,0,1,46,0,0,0,0,0,0, 9.166667000000001e-002, 3.000000000000000e-002, 8.000000000000000e-002,
11102,0,0,1,46,0,0,0,0,0,0, 9.166667000000001e-002, 4.000000000000000e-002, 8.000000000000000e-002,
11114,0,0,1,46,0,0,0,0,0,0, 9.166667000000001e-002, 5.000000000000000e-002, 8.000000000000000e-002,
11118,0,0,1,46,0,0,0,0,0,0, 8.962735000000000e-002, 6.287571000000000e-002, 8.000000000000000e-002,
12086,0,0,1,46,0,0,0,0,0,0, 9.166667000000001e-002, 1.000000000000000e-002, 9.000000000000000e-002,
12092,0,0,1,46,0,0,0,0,0,0, 9.166667000000001e-002, 2.000000000000000e-002, 9.000000000000000e-002,
12096,0,0,1,46,0,0,0,0,0,0, 9.166667000000001e-002, 3.000000000000000e-002, 9.000000000000000e-002,
12102,0,0,1,46,0,0,0,0,0,0, 9.166667000000001e-002, 4.000000000000000e-002, 9.000000000000000e-002,
12114,0,0,1,46,0,0,0,0,0,0, 9.166667000000001e-002, 5.000000000000000e-002, 9.000000000000000e-002,
12118,0,0,1,46,0,0,0,0,0,0, 8.962735000000000e-002, 6.287571000000000e-002, 9.000000000000000e-002,
12128,0,0,1,46,0,0,0,0,0,0, 8.370904000000000e-002, 7.449105000000000e-002, 9.000000000000000e-002,
13086,0,0,1,46,0,0,0,0,0,0, 9.166667000000001e-002, 1.000000000000000e-002, 1.000000000000000e-001,
13092,0,0,1,46,0,0,0,0,0,0, 9.166667000000001e-002, 2.000000000000000e-002, 1.000000000000000e-001,
13096,0,0,1,46,0,0,0,0,0,0, 9.166667000000001e-002, 3.000000000000000e-002, 1.000000000000000e-001,
13102,0,0,1,46,0,0,0,0,0,0, 9.166667000000001e-002, 4.000000000000000e-002, 1.000000000000000e-001,
13114,0,0,1,46,0,0,0,0,0,0, 9.166667000000001e-002, 5.000000000000000e-002, 1.000000000000000e-001,
13118,0,0,1,46,0,0,0,0,0,0, 8.962735000000000e-002, 6.287571000000000e-002, 1.000000000000000e-001,
13128,0,0,1,46,0,0,0,0,0,0, 8.370904000000000e-002, 7.449105000000000e-002, 1.000000000000000e-001,
12137,0,0,1,46,0,0,0,0,0,0, 9.045085000000000e-002, 7.938926000000000e-002, 9.000000000000000e-002,
13137,0,0,1,46,0,0,0,0,0,0, 9.045085000000000e-002, 7.938926000000000e-002, 1.000000000000000e-001,
14086,0,0,1,46,0,0,0,0,0,0, 9.166667000000001e-002, 1.000000000000000e-002, 1.142325639819031e-001,
14092,0,0,1,46,0,0,0,0,0,0, 9.166667000000001e-002, 2.000000000000000e-002, 1.142325639819031e-001,
14096,0,0,1,46,0,0,0,0,0,0, 9.166667000000001e-002, 3.000000000000000e-002, 1.142325639819031e-001,
14102,0,0,1,46,0,0,0,0,0,0, 9.166667000000001e-002, 4.000000000000000e-002, 1.142325639819031e-001,
14114,0,0,1,46,0,0,0,0,0,0, 9.166667000000001e-002, 5.000000000000000e-002, 1.142325639819031e-001,
14118,0,0,1,46,0,0,0,0,0,0, 8.962735000000000e-002, 6.287571000000000e-002, 1.142325639819031e-001,
14128,0,0,1,46,0,0,0,0,0,0, 8.370904000000000e-002, 7.449105000000000e-002, 1.142325639819031e-001,
14137,0,0,1,46,0,0,0,0,0,0, 9.045085000000000e-002, 7.938926000000000e-002, 1.142325639819031e-001,
15086,0,0,1,46,0,0,0,0,0,0, 9.166667000000001e-002, 1.000000000000000e-002, 1.338735022769294e-001,
15092,0,0,1,46,0,0,0,0,0,0, 9.166667000000001e-002, 2.000000000000000e-002, 1.338735022769294e-001,
15096,0,0,1,46,0,0,0,0,0,0, 9.166667000000001e-002, 3.000000000000000e-002, 1.338735022769294e-001,
15102,0,0,1,46,0,0,0,0,0,0, 9.166667000000001e-002, 4.000000000000000e-002, 1.338735022769294e-001,
15114,0,0,1,46,0,0,0,0,0,0, 9.166667000000001e-002, 5.000000000000000e-002, 1.338735022769294e-001,
15118,0,0,1,46,0,0,0,0,0,0, 8.962735000000000e-002, 6.287571000000000e-002, 1.338735022769294e-001,
14134,0,0,1,46,0,0,0,0,0,0, 9.755282999999999e-002, 6.545085000000001e-002, 1.142325639819031e-001,
15134,0,0,1,46,0,0,0,0,0,0, 9.755282999999999e-002, 6.545085000000001e-002, 1.338735022769294e-001,
15137,0,0,1,46,0,0,0,0,0,0, 9.045085000000000e-002, 7.938926000000000e-002, 1.338735022769294e-001,
16086,0,0,1,46,0,0,0,0,0,0, 9.166667000000001e-002, 1.000000000000000e-002, 1.609779971240657e-001,
16092,0,0,1,46,0,0,0,0,0,0, 9.166667000000001e-002, 2.000000000000000e-002, 1.609779971240657e-001,
16096,0,0,1,46,0,0,0,0,0,0, 9.166667000000001e-002, 3.000000000000000e-002, 1.609779971240657e-001,
16102,0,0,1,46,0,0,0,0,0,0, 9.166667000000001e-002, 4.000000000000000e-002, 1.609779971240657e-001,
16114,0,0,1,46,0,0,0,0,0,0, 9.166667000000001e-002, 5.000000000000000e-002, 1.609779971240657e-001,
16118,0,0,1,46,0,0,0,0,0,0, 8.962735000000000e-002, 6.287571000000000e-002, 1.609779971240657e-001,
16134,0,0,1,46,0,0,0,0,0,0, 9.755282999999999e-002, 6.545085000000001e-002, 1.609779971240657e-001,
16137,0,0,1,46,0,0,0,0,0,0, 9.045085000000000e-002, 7.938926000000000e-002, 1.609779971240657e-001,
15145,0,0,1,46,0,0,0,0,0,0, 9.854101999999999e-002, 8.526712000000000e-002, 1.338735022769294e-001,
16145,0,0,1,46,0,0,0,0,0,0, 9.854101999999999e-002, 8.526712000000000e-002, 1.609779971240657e-001,
17086,0,0,1,46,0,0,0,0,0,0, 9.166667000000001e-002, 1.000000000000000e-002, 1.983822000131137e-001,
17092,0,0,1,46,0,0,0,0,0,0, 9.166667000000001e-002, 2.000000000000000e-002, 1.983822000131137e-001,
17096,0,0,1,46,0,0,0,0,0,0, 9.166667000000001e-002, 3.000000000000000e-002, 1.983822000131137e-001,
17102,0,0,1,46,0,0,0,0,0,0, 9.166667000000001e-002, 4.000000000000000e-002, 1.983822000131137e-001,
17114,0,0,1,46,0,0,0,0,0,0, 9.166667000000001e-002, 5.000000000000000e-002, 1.983822000131137e-001,
17118,0,0,1,46,0,0,0,0,0,0, 8.962735000000000e-002, 6.287571000000000e-002, 1.983822000131137e-001,
17134,0,0,1,46,0,0,0,0,0,0, 9.755282999999999e-002, 6.545085000000001e-002, 1.983822000131137e-001,
17137,0,0,1,46,0,0,0,0,0,0, 9.045085000000000e-002, 7.938926000000000e-002, 1.983822000131137e-001,
17145,0,0,1,46,0,0,0,0,0,0, 9.854101999999999e-002, 8.526712000000000e-002, 1.983822000131137e-001,
   -1
   -1
   404
0,124,6,17,2,1,0,0,
9083,9075,9091,0,0,0,0,0,0,0,
0,0,0,0,0,0,0,0,0,0,
0.,0.,0.,
0.,0.,0.,
0.,0.,0.,
0,0,0,0,0,0,0,0,0,0,0,0,0,0,0,0,
1,124,6,17,2,1,0,0,
9091,9075,9095,0,0,0,0,0,0,0,
0,0,0,0,0,0,0,0,0,0,
0.,0.,0.,
0.,0.,0.,
0.,0.,0.,
0,0,0,0,0,0,0,0,0,0,0,0,0,0,0,0,
2,124,6,17,4,1,0,0,
9095,9075,9076,9094,0,0,0,0,0,0,
0,0,0,0,0,0,0,0,0,0,
0.,0.,0.,
0.,0.,0.,
0.,0.,0.,
0,0,0,0,0,0,0,0,0,0,0,0,0,0,0,0,
3,124,6,17,4,1,0,0,
9063,9075,9083,9073,0,0,0,0,0,0,
0,0,0,0,0,0,0,0,0,0,
0.,0.,0.,
0.,0.,0.,
0.,0.,0.,
0,0,0,0,0,0,0,0,0,0,0,0,0,0,0,0,
4,124,6,17,4,1,0,0,
8083,9083,9091,8091,0,0,0,0,0,0,
0,0,0,0,0,0,0,0,0,0,
0.,0.,0.,
0.,0.,0.,
0.,0.,0.,
0,0,0,0,0,0,0,0,0,0,0,0,0,0,0,0,
5,124,6,17,4,1,0,0,
8073,9073,9083,8083,0,0,0,0,0,0,
0,0,0,0,0,0,0,0,0,0,
0.,0.,0.,
0.,0.,0.,
0.,0.,0.,
0,0,0,0,0,0,0,0,0,0,0,0,0,0,0,0,
6,124,6,17,4,1,0,0,
8091,9091,9095,8095,0,0,0,0,0,0,
0,0,0,0,0,0,0,0,0,0,
0.,0.,0.,
0.,0.,0.,
0.,0.,0.,
0,0,0,0,0,0,0,0,0,0,0,0,0,0,0,0,
7,124,6,17,4,1,0,0,
8044,8046,8057,8056,0,0,0,0,0,0,
0,0,0,0,0,0,0,0,0,0,
0.,0.,0.,
0.,0.,0.,
0.,0.,0.,
0,0,0,0,0,0,0,0,0,0,0,0,0,0,0,0,
8,124,6,17,4,1,0,0,
8057,8046,8049,8061,0,0,0,0,0,0,
0,0,0,0,0,0,0,0,0,0,
0.,0.,0.,
0.,0.,0.,
0.,0.,0.,
0,0,0,0,0,0,0,0,0,0,0,0,0,0,0,0,
9,124,6,17,4,1,0,0,
8049,8053,8066,8061,0,0,0,0,0,0,
0,0,0,0,0,0,0,0,0,0,
0.,0.,0.,
0.,0.,0.,
0.,0.,0.,
0,0,0,0,0,0,0,0,0,0,0,0,0,0,0,0,
10,124,6,17,4,1,0,0,
8066,8053,8063,8073,0,0,0,0,0,0,
0,0,0,0,0,0,0,0,0,0,
0.,0.,0.,
0.,0.,0.,
0.,0.,0.,
0,0,0,0,0,0,0,0,0,0,0,0,0,0,0,0,
11,124,6,17,4,1,0,0,
8073,8083,8098,8088,0,0,0,0,0,0,
0,0,0,0,0,0,0,0,0,0,
0.,0.,0.,
0.,0.,0.,
0.,0.,0.,
0,0,0,0,0,0,0,0,0,0,0,0,0,0,0,0,
12,124,6,17,4,1,0,0,
8073,8063,9063,9073,0,0,0,0,0,0,
0,0,0,0,0,0,0,0,0,0,
0.,0.,0.,
0.,0.,0.,
0.,0.,0.,
0,0,0,0,0,0,0,0,0,0,0,0,0,0,0,0,
13,124,6,17,4,1,0,0,
8083,8091,8106,8098,0,0,0,0,0,0,
0,0,0,0,0,0,0,0,0,0,
0.,0.,0.,
0.,0.,0.,
0.,0.,0.,
0,0,0,0,0,0,0,0,0,0,0,0,0,0,0,0,
14,124,6,17,4,1,0,0,
8091,8095,8110,8106,0,0,0,0,0,0,
0,0,0,0,0,0,0,0,0,0,
0.,0.,0.,
0.,0.,0.,
0.,0.,0.,
0,0,0,0,0,0,0,0,0,0,0,0,0,0,0,0,
15,124,6,17,4,1,0,0,
8046,8036,8038,8049,0,0,0,0,0,0,
0,0,0,0,0,0,0,0,0,0,
0.,0.,0.,
0.,0.,0.,
0.,0.,0.,
0,0,0,0,0,0,0,0,0,0,0,0,0,0,0,0,
16,124,6,17,4,1,0,0,
8038,8042,8053,8049,0,0,0,0,0,0,
0,0,0,0,0,0,0,0,0,0,
0.,0.,0.,
0.,0.,0.,
0.,0.,0.,
0,0,0,0,0,0,0,0,0,0,0,0,0,0,0,0,
17,124,6,17,4,1,0,0,
8042,9042,9053,8053,0,0,0,0,0,0,
0,0,0,0,0,0,0,0,0,0,
0.,0.,0.,
0.,0.,0.,
0.,0.,0.,
0,0,0,0,0,0,0,0,0,0,0,0,0,0,0,0,
18,124,6,17,4,1,0,0,
8053,9053,9063,8063,0,0,0,0,0,0,
0,0,0,0,0,0,0,0,0,0,
0.,0.,0.,
0.,0.,0.,
0.,0.,0.,
0,0,0,0,0,0,0,0,0,0,0,0,0,0,0,0,
19,124,6,17,4,1,0,0,
9053,9042,9051,9063,0,0,0,0,0,0,
0,0,0,0,0,0,0,0,0,0,
0.,0.,0.,
0.,0.,0.,
0.,0.,0.,
0,0,0,0,0,0,0,0,0,0,0,0,0,0,0,0,
20,124,6,17,2,1,0,0,
10076,10075,10059,0,0,0,0,0,0,0,
0,0,0,0,0,0,0,0,0,0,
0.,0.,0.,
0.,0.,0.,
0.,0.,0.,
0,0,0,0,0,0,0,0,0,0,0,0,0,0,0,0,
21,124,6,17,4,1,0,0,
9063,10063,10075,9075,0,0,0,0,0,0,
0,0,0,0,0,0,0,0,0,0,
0.,0.,0.,
0.,0.,0.,
0.,0.,0.,
0,0,0,0,0,0,0,0,0,0,0,0,0,0,0,0,
22,124,6,17,4,1,0,0,
9075,10075,10076,9076,0,0,0,0,0,0,
0,0,0,0,0,0,0,0,0,0,
0.,0.,0.,
0.,0.,0.,
0.,0.,0.,
0,0,0,0,0,0,0,0,0,0,0,0,0,0,0,0,
23,124,6,17,4,1,0,0,
10076,10059,11059,11076,0,0,0,0,0,0,
0,0,0,0,0,0,0,0,0,0,
0.,0.,0.,
0.,0.,0.,
0.,0.,0.,
0,0,0,0,0,0,0,0,0,0,0,0,0,0,0,0,
24,124,6,17,4,1,0,0,
9094,9076,10076,10094,0,0,0,0,0,0,
0,0,0,0,0,0,0,0,0,0,
0.,0.,0.,
0.,0.,0.,
0.,0.,0.,
0,0,0,0,0,0,0,0,0,0,0,0,0,0,0,0,
25,124,6,17,4,1,0,0,
10076,10077,10090,10094,0,0,0,0,0,0,
0,0,0,0,0,0,0,0,0,0,
0.,0.,0.,
0.,0.,0.,
0.,0.,0.,
0,0,0,0,0,0,0,0,0,0,0,0,0,0,0,0,
26,124,6,17,4,1,0,0,
10076,11076,11077,10077,0,0,0,0,0,0,
0,0,0,0,0,0,0,0,0,0,
0.,0.,0.,
0.,0.,0.,
0.,0.,0.,
0,0,0,0,0,0,0,0,0,0,0,0,0,0,0,0,
27,124,6,17,4,1,0,0,
10051,10059,10075,10063,0,0,0,0,0,0,
0,0,0,0,0,0,0,0,0,0,
0.,0.,0.,
0.,0.,0.,
0.,0.,0.,
0,0,0,0,0,0,0,0,0,0,0,0,0,0,0,0,
28,124,6,17,4,1,0,0,
10051,11051,11059,10059,0,0,0,0,0,0,
0,0,0,0,0,0,0,0,0,0,
0.,0.,0.,
0.,0.,0.,
0.,0.,0.,
0,0,0,0,0,0,0,0,0,0,0,0,0,0,0,0,
29,124,6,17,4,1,0,0,
8046,9046,9036,8036,0,0,0,0,0,0,
0,0,0,0,0,0,0,0,0,0,
0.,0.,0.,
0.,0.,0.,
0.,0.,0.,
0,0,0,0,0,0,0,0,0,0,0,0,0,0,0,0,
30,124,6,17,4,1,0,0,
8044,9044,9046,8046,0,0,0,0,0,0,
0,0,0,0,0,0,0,0,0,0,
0.,0.,0.,
0.,0.,0.,
0.,0.,0.,
0,0,0,0,0,0,0,0,0,0,0,0,0,0,0,0,
31,124,6,17,4,1,0,0,
8036,9036,9038,8038,0,0,0,0,0,0,
0,0,0,0,0,0,0,0,0,0,
0.,0.,0.,
0.,0.,0.,
0.,0.,0.,
0,0,0,0,0,0,0,0,0,0,0,0,0,0,0,0,
32,124,6,17,4,1,0,0,
8038,9038,9042,8042,0,0,0,0,0,0,
0,0,0,0,0,0,0,0,0,0,
0.,0.,0.,
0.,0.,0.,
0.,0.,0.,
0,0,0,0,0,0,0,0,0,0,0,0,0,0,0,0,
33,124,6,17,4,1,0,0,
9036,10036,10038,9038,0,0,0,0,0,0,
0,0,0,0,0,0,0,0,0,0,
0.,0.,0.,
0.,0.,0.,
0.,0.,0.,
0,0,0,0,0,0,0,0,0,0,0,0,0,0,0,0,
34,124,6,17,4,1,0,0,
9034,9036,9046,9044,0,0,0,0,0,0,
0,0,0,0,0,0,0,0,0,0,
0.,0.,0.,
0.,0.,0.,
0.,0.,0.,
0,0,0,0,0,0,0,0,0,0,0,0,0,0,0,0,
35,124,6,17,4,1,0,0,
9034,10034,10036,9036,0,0,0,0,0,0,
0,0,0,0,0,0,0,0,0,0,
0.,0.,0.,
0.,0.,0.,
0.,0.,0.,
0,0,0,0,0,0,0,0,0,0,0,0,0,0,0,0,
36,124,6,17,4,1,0,0,
9038,10038,10042,9042,0,0,0,0,0,0,
0,0,0,0,0,0,0,0,0,0,
0.,0.,0.,
0.,0.,0.,
0.,0.,0.,
0,0,0,0,0,0,0,0,0,0,0,0,0,0,0,0,
37,124,6,17,4,1,0,0,
9042,10042,10051,9051,0,0,0,0,0,0,
0,0,0,0,0,0,0,0,0,0,
0.,0.,0.,
0.,0.,0.,
0.,0.,0.,
0,0,0,0,0,0,0,0,0,0,0,0,0,0,0,0,
38,124,6,17,4,1,0,0,
9063,9051,10051,10063,0,0,0,0,0,0,
0,0,0,0,0,0,0,0,0,0,
0.,0.,0.,
0.,0.,0.,
0.,0.,0.,
0,0,0,0,0,0,0,0,0,0,0,0,0,0,0,0,
39,124,6,17,4,1,0,0,
10034,11034,11036,10036,0,0,0,0,0,0,
0,0,0,0,0,0,0,0,0,0,
0.,0.,0.,
0.,0.,0.,
0.,0.,0.,
0,0,0,0,0,0,0,0,0,0,0,0,0,0,0,0,
40,124,6,17,4,1,0,0,
10036,11036,11038,10038,0,0,0,0,0,0,
0,0,0,0,0,0,0,0,0,0,
0.,0.,0.,
0.,0.,0.,
0.,0.,0.,
0,0,0,0,0,0,0,0,0,0,0,0,0,0,0,0,
41,124,6,17,4,1,0,0,
10038,11038,11042,10042,0,0,0,0,0,0,
0,0,0,0,0,0,0,0,0,0,
0.,0.,0.,
0.,0.,0.,
0.,0.,0.,
0,0,0,0,0,0,0,0,0,0,0,0,0,0,0,0,
42,124,6,17,4,1,0,0,
10042,11042,11051,10051,0,0,0,0,0,0,
0,0,0,0,0,0,0,0,0,0,
0.,0.,0.,
0.,0.,0.,
0.,0.,0.,
0,0,0,0,0,0,0,0,0,0,0,0,0,0,0,0,
43,124,6,17,4,1,0,0,
9094,10094,10090,9090,0,0,0,0,0,0,
0,0,0,0,0,0,0,0,0,0,
0.,0.,0.,
0.,0.,0.,
0.,0.,0.,
0,0,0,0,0,0,0,0,0,0,0,0,0,0,0,0,
44,124,6,17,4,1,0,0,
10077,11077,11090,10090,0,0,0,0,0,0,
0,0,0,0,0,0,0,0,0,0,
0.,0.,0.,
0.,0.,0.,
0.,0.,0.,
0,0,0,0,0,0,0,0,0,0,0,0,0,0,0,0,
45,124,6,17,4,1,0,0,
10090,11090,11082,10082,0,0,0,0,0,0,
0,0,0,0,0,0,0,0,0,0,
0.,0.,0.,
0.,0.,0.,
0.,0.,0.,
0,0,0,0,0,0,0,0,0,0,0,0,0,0,0,0,
46,124,6,17,4,1,0,0,
11034,12034,12036,11036,0,0,0,0,0,0,
0,0,0,0,0,0,0,0,0,0,
0.,0.,0.,
0.,0.,0.,
0.,0.,0.,
0,0,0,0,0,0,0,0,0,0,0,0,0,0,0,0,
47,124,6,17,4,1,0,0,
11036,12036,12038,11038,0,0,0,0,0,0,
0,0,0,0,0,0,0,0,0,0,
0.,0.,0.,
0.,0.,0.,
0.,0.,0.,
0,0,0,0,0,0,0,0,0,0,0,0,0,0,0,0,
48,124,6,17,4,1,0,0,
11038,12038,12042,11042,0,0,0,0,0,0,
0,0,0,0,0,0,0,0,0,0,
0.,0.,0.,
0.,0.,0.,
0.,0.,0.,
0,0,0,0,0,0,0,0,0,0,0,0,0,0,0,0,
49,124,6,17,4,1,0,0,
11042,12042,12051,11051,0,0,0,0,0,0,
0,0,0,0,0,0,0,0,0,0,
0.,0.,0.,
0.,0.,0.,
0.,0.,0.,
0,0,0,0,0,0,0,0,0,0,0,0,0,0,0,0,
50,124,6,17,4,1,0,0,
11051,12051,12059,11059,0,0,0,0,0,0,
0,0,0,0,0,0,0,0,0,0,
0.,0.,0.,
0.,0.,0.,
0.,0.,0.,
0,0,0,0,0,0,0,0,0,0,0,0,0,0,0,0,
51,124,6,17,4,1,0,0,
11059,11065,11077,11076,0,0,0,0,0,0,
0,0,0,0,0,0,0,0,0,0,
0.,0.,0.,
0.,0.,0.,
0.,0.,0.,
0,0,0,0,0,0,0,0,0,0,0,0,0,0,0,0,
52,124,6,17,4,1,0,0,
11059,12059,12065,11065,0,0,0,0,0,0,
0,0,0,0,0,0,0,0,0,0,
0.,0.,0.,
0.,0.,0.,
0.,0.,0.,
0,0,0,0,0,0,0,0,0,0,0,0,0,0,0,0,
53,124,6,17,4,1,0,0,
11090,11077,11068,11082,0,0,0,0,0,0,
0,0,0,0,0,0,0,0,0,0,
0.,0.,0.,
0.,0.,0.,
0.,0.,0.,
0,0,0,0,0,0,0,0,0,0,0,0,0,0,0,0,
54,124,6,17,4,1,0,0,
11065,12065,12077,11077,0,0,0,0,0,0,
0,0,0,0,0,0,0,0,0,0,
0.,0.,0.,
0.,0.,0.,
0.,0.,0.,
0,0,0,0,0,0,0,0,0,0,0,0,0,0,0,0,
55,124,6,17,4,1,0,0,
11077,12077,12068,11068,0,0,0,0,0,0,
0,0,0,0,0,0,0,0,0,0,
0.,0.,0.,
0.,0.,0.,
0.,0.,0.,
0,0,0,0,0,0,0,0,0,0,0,0,0,0,0,0,
56,124,6,17,4,1,0,0,
11082,11068,12068,12082,0,0,0,0,0,0,
0,0,0,0,0,0,0,0,0,0,
0.,0.,0.,
0.,0.,0.,
0.,0.,0.,
0,0,0,0,0,0,0,0,0,0,0,0,0,0,0,0,
57,124,6,17,4,1,0,0,
12034,13034,13036,12036,0,0,0,0,0,0,
0,0,0,0,0,0,0,0,0,0,
0.,0.,0.,
0.,0.,0.,
0.,0.,0.,
0,0,0,0,0,0,0,0,0,0,0,0,0,0,0,0,
58,124,6,17,4,1,0,0,
12036,13036,13038,12038,0,0,0,0,0,0,
0,0,0,0,0,0,0,0,0,0,
0.,0.,0.,
0.,0.,0.,
0.,0.,0.,
0,0,0,0,0,0,0,0,0,0,0,0,0,0,0,0,
59,124,6,17,4,1,0,0,
12038,13038,13042,12042,0,0,0,0,0,0,
0,0,0,0,0,0,0,0,0,0,
0.,0.,0.,
0.,0.,0.,
0.,0.,0.,
0,0,0,0,0,0,0,0,0,0,0,0,0,0,0,0,
60,124,6,17,4,1,0,0,
12042,13042,13051,12051,0,0,0,0,0,0,
0,0,0,0,0,0,0,0,0,0,
0.,0.,0.,
0.,0.,0.,
0.,0.,0.,
0,0,0,0,0,0,0,0,0,0,0,0,0,0,0,0,
61,124,6,17,4,1,0,0,
12050,12059,12051,12040,0,0,0,0,0,0,
0,0,0,0,0,0,0,0,0,0,
0.,0.,0.,
0.,0.,0.,
0.,0.,0.,
0,0,0,0,0,0,0,0,0,0,0,0,0,0,0,0,
62,124,6,17,4,1,0,0,
12040,12051,13051,13040,0,0,0,0,0,0,
0,0,0,0,0,0,0,0,0,0,
0.,0.,0.,
0.,0.,0.,
0.,0.,0.,
0,0,0,0,0,0,0,0,0,0,0,0,0,0,0,0,
63,124,6,17,4,1,0,0,
12059,12052,12064,12065,0,0,0,0,0,0,
0,0,0,0,0,0,0,0,0,0,
0.,0.,0.,
0.,0.,0.,
0.,0.,0.,
0,0,0,0,0,0,0,0,0,0,0,0,0,0,0,0,
64,124,6,17,4,1,0,0,
12050,13050,13059,12059,0,0,0,0,0,0,
0,0,0,0,0,0,0,0,0,0,
0.,0.,0.,
0.,0.,0.,
0.,0.,0.,
0,0,0,0,0,0,0,0,0,0,0,0,0,0,0,0,
65,124,6,17,4,1,0,0,
12059,13059,13052,12052,0,0,0,0,0,0,
0,0,0,0,0,0,0,0,0,0,
0.,0.,0.,
0.,0.,0.,
0.,0.,0.,
0,0,0,0,0,0,0,0,0,0,0,0,0,0,0,0,
66,124,6,17,4,1,0,0,
12065,12064,12068,12077,0,0,0,0,0,0,
0,0,0,0,0,0,0,0,0,0,
0.,0.,0.,
0.,0.,0.,
0.,0.,0.,
0,0,0,0,0,0,0,0,0,0,0,0,0,0,0,0,
67,124,6,17,4,1,0,0,
12082,12068,13068,13082,0,0,0,0,0,0,
0,0,0,0,0,0,0,0,0,0,
0.,0.,0.,
0.,0.,0.,
0.,0.,0.,
0,0,0,0,0,0,0,0,0,0,0,0,0,0,0,0,
68,124,6,17,4,1,0,0,
12064,13064,13068,12068,0,0,0,0,0,0,
0,0,0,0,0,0,0,0,0,0,
0.,0.,0.,
0.,0.,0.,
0.,0.,0.,
0,0,0,0,0,0,0,0,0,0,0,0,0,0,0,0,
69,124,6,17,4,1,0,0,
13027,13036,13034,13025,0,0,0,0,0,0,
0,0,0,0,0,0,0,0,0,0,
0.,0.,0.,
0.,0.,0.,
0.,0.,0.,
0,0,0,0,0,0,0,0,0,0,0,0,0,0,0,0,
70,124,6,17,4,1,0,0,
13029,13038,13036,13027,0,0,0,0,0,0,
0,0,0,0,0,0,0,0,0,0,
0.,0.,0.,
0.,0.,0.,
0.,0.,0.,
0,0,0,0,0,0,0,0,0,0,0,0,0,0,0,0,
71,124,6,17,4,1,0,0,
13033,13042,13038,13029,0,0,0,0,0,0,
0,0,0,0,0,0,0,0,0,0,
0.,0.,0.,
0.,0.,0.,
0.,0.,0.,
0,0,0,0,0,0,0,0,0,0,0,0,0,0,0,0,
72,124,6,17,4,1,0,0,
13040,13051,13042,13033,0,0,0,0,0,0,
0,0,0,0,0,0,0,0,0,0,
0.,0.,0.,
0.,0.,0.,
0.,0.,0.,
0,0,0,0,0,0,0,0,0,0,0,0,0,0,0,0,
73,124,6,17,4,1,0,0,
12050,12040,13040,13050,0,0,0,0,0,0,
0,0,0,0,0,0,0,0,0,0,
0.,0.,0.,
0.,0.,0.,
0.,0.,0.,
0,0,0,0,0,0,0,0,0,0,0,0,0,0,0,0,
74,124,6,17,4,1,0,0,
13050,13040,14040,14050,0,0,0,0,0,0,
0,0,0,0,0,0,0,0,0,0,
0.,0.,0.,
0.,0.,0.,
0.,0.,0.,
0,0,0,0,0,0,0,0,0,0,0,0,0,0,0,0,
75,124,6,17,4,1,0,0,
13040,13033,14033,14040,0,0,0,0,0,0,
0,0,0,0,0,0,0,0,0,0,
0.,0.,0.,
0.,0.,0.,
0.,0.,0.,
0,0,0,0,0,0,0,0,0,0,0,0,0,0,0,0,
76,124,6,17,4,1,0,0,
13050,13041,13052,13059,0,0,0,0,0,0,
0,0,0,0,0,0,0,0,0,0,
0.,0.,0.,
0.,0.,0.,
0.,0.,0.,
0,0,0,0,0,0,0,0,0,0,0,0,0,0,0,0,
77,124,6,17,4,1,0,0,
13050,14050,14041,13041,0,0,0,0,0,0,
0,0,0,0,0,0,0,0,0,0,
0.,0.,0.,
0.,0.,0.,
0.,0.,0.,
0,0,0,0,0,0,0,0,0,0,0,0,0,0,0,0,
78,124,6,17,4,1,0,0,
12052,13052,13064,12064,0,0,0,0,0,0,
0,0,0,0,0,0,0,0,0,0,
0.,0.,0.,
0.,0.,0.,
0.,0.,0.,
0,0,0,0,0,0,0,0,0,0,0,0,0,0,0,0,
79,124,6,17,4,1,0,0,
13068,13064,13052,13062,0,0,0,0,0,0,
0,0,0,0,0,0,0,0,0,0,
0.,0.,0.,
0.,0.,0.,
0.,0.,0.,
0,0,0,0,0,0,0,0,0,0,0,0,0,0,0,0,
80,124,6,17,4,1,0,0,
13041,14041,14052,13052,0,0,0,0,0,0,
0,0,0,0,0,0,0,0,0,0,
0.,0.,0.,
0.,0.,0.,
0.,0.,0.,
0,0,0,0,0,0,0,0,0,0,0,0,0,0,0,0,
81,124,6,17,4,1,0,0,
13062,13052,14052,14062,0,0,0,0,0,0,
0,0,0,0,0,0,0,0,0,0,
0.,0.,0.,
0.,0.,0.,
0.,0.,0.,
0,0,0,0,0,0,0,0,0,0,0,0,0,0,0,0,
82,124,6,17,4,1,0,0,
13082,13068,13062,13074,0,0,0,0,0,0,
0,0,0,0,0,0,0,0,0,0,
0.,0.,0.,
0.,0.,0.,
0.,0.,0.,
0,0,0,0,0,0,0,0,0,0,0,0,0,0,0,0,
83,124,6,17,4,1,0,0,
13027,13025,14025,14027,0,0,0,0,0,0,
0,0,0,0,0,0,0,0,0,0,
0.,0.,0.,
0.,0.,0.,
0.,0.,0.,
0,0,0,0,0,0,0,0,0,0,0,0,0,0,0,0,
84,124,6,17,4,1,0,0,
13029,13027,14027,14029,0,0,0,0,0,0,
0,0,0,0,0,0,0,0,0,0,
0.,0.,0.,
0.,0.,0.,
0.,0.,0.,
0,0,0,0,0,0,0,0,0,0,0,0,0,0,0,0,
85,124,6,17,4,1,0,0,
14027,14025,15025,15027,0,0,0,0,0,0,
0,0,0,0,0,0,0,0,0,0,
0.,0.,0.,
0.,0.,0.,
0.,0.,0.,
0,0,0,0,0,0,0,0,0,0,0,0,0,0,0,0,
86,124,6,17,4,1,0,0,
14029,14027,15027,15029,0,0,0,0,0,0,
0,0,0,0,0,0,0,0,0,0,
0.,0.,0.,
0.,0.,0.,
0.,0.,0.,
0,0,0,0,0,0,0,0,0,0,0,0,0,0,0,0,
87,124,6,17,4,1,0,0,
13033,13029,14029,14033,0,0,0,0,0,0,
0,0,0,0,0,0,0,0,0,0,
0.,0.,0.,
0.,0.,0.,
0.,0.,0.,
0,0,0,0,0,0,0,0,0,0,0,0,0,0,0,0,
88,124,6,17,4,1,0,0,
14033,14029,15029,15033,0,0,0,0,0,0,
0,0,0,0,0,0,0,0,0,0,
0.,0.,0.,
0.,0.,0.,
0.,0.,0.,
0,0,0,0,0,0,0,0,0,0,0,0,0,0,0,0,
89,124,6,17,4,1,0,0,
14040,14033,15033,15040,0,0,0,0,0,0,
0,0,0,0,0,0,0,0,0,0,
0.,0.,0.,
0.,0.,0.,
0.,0.,0.,
0,0,0,0,0,0,0,0,0,0,0,0,0,0,0,0,
90,124,6,17,4,1,0,0,
14050,14040,15040,15050,0,0,0,0,0,0,
0,0,0,0,0,0,0,0,0,0,
0.,0.,0.,
0.,0.,0.,
0.,0.,0.,
0,0,0,0,0,0,0,0,0,0,0,0,0,0,0,0,
91,124,6,17,4,1,0,0,
14050,15050,15041,14041,0,0,0,0,0,0,
0,0,0,0,0,0,0,0,0,0,
0.,0.,0.,
0.,0.,0.,
0.,0.,0.,
0,0,0,0,0,0,0,0,0,0,0,0,0,0,0,0,
92,124,6,17,4,1,0,0,
14041,15041,15052,14052,0,0,0,0,0,0,
0,0,0,0,0,0,0,0,0,0,
0.,0.,0.,
0.,0.,0.,
0.,0.,0.,
0,0,0,0,0,0,0,0,0,0,0,0,0,0,0,0,
93,124,6,17,4,1,0,0,
14054,14062,14052,14043,0,0,0,0,0,0,
0,0,0,0,0,0,0,0,0,0,
0.,0.,0.,
0.,0.,0.,
0.,0.,0.,
0,0,0,0,0,0,0,0,0,0,0,0,0,0,0,0,
94,124,6,17,4,1,0,0,
14043,14052,15052,15043,0,0,0,0,0,0,
0,0,0,0,0,0,0,0,0,0,
0.,0.,0.,
0.,0.,0.,
0.,0.,0.,
0,0,0,0,0,0,0,0,0,0,0,0,0,0,0,0,
95,124,6,17,4,1,0,0,
13074,13062,14062,14074,0,0,0,0,0,0,
0,0,0,0,0,0,0,0,0,0,
0.,0.,0.,
0.,0.,0.,
0.,0.,0.,
0,0,0,0,0,0,0,0,0,0,0,0,0,0,0,0,
96,124,6,17,4,1,0,0,
14074,14062,14054,14067,0,0,0,0,0,0,
0,0,0,0,0,0,0,0,0,0,
0.,0.,0.,
0.,0.,0.,
0.,0.,0.,
0,0,0,0,0,0,0,0,0,0,0,0,0,0,0,0,
97,124,6,17,4,1,0,0,
15027,15025,16025,16027,0,0,0,0,0,0,
0,0,0,0,0,0,0,0,0,0,
0.,0.,0.,
0.,0.,0.,
0.,0.,0.,
0,0,0,0,0,0,0,0,0,0,0,0,0,0,0,0,
98,124,6,17,4,1,0,0,
15029,15027,16027,16029,0,0,0,0,0,0,
0,0,0,0,0,0,0,0,0,0,
0.,0.,0.,
0.,0.,0.,
0.,0.,0.,
0,0,0,0,0,0,0,0,0,0,0,0,0,0,0,0,
99,124,6,17,4,1,0,0,
15033,15029,16029,16033,0,0,0,0,0,0,
0,0,0,0,0,0,0,0,0,0,
0.,0.,0.,
0.,0.,0.,
0.,0.,0.,
0,0,0,0,0,0,0,0,0,0,0,0,0,0,0,0,
100,124,6,17,4,1,0,0,
15040,15033,16033,16040,0,0,0,0,0,0,
0,0,0,0,0,0,0,0,0,0,
0.,0.,0.,
0.,0.,0.,
0.,0.,0.,
0,0,0,0,0,0,0,0,0,0,0,0,0,0,0,0,
101,124,6,17,4,1,0,0,
15050,15040,16040,16050,0,0,0,0,0,0,
0,0,0,0,0,0,0,0,0,0,
0.,0.,0.,
0.,0.,0.,
0.,0.,0.,
0,0,0,0,0,0,0,0,0,0,0,0,0,0,0,0,
102,124,6,17,4,1,0,0,
15050,16050,16041,15041,0,0,0,0,0,0,
0,0,0,0,0,0,0,0,0,0,
0.,0.,0.,
0.,0.,0.,
0.,0.,0.,
0,0,0,0,0,0,0,0,0,0,0,0,0,0,0,0,
103,124,6,17,4,1,0,0,
15041,16041,16052,15052,0,0,0,0,0,0,
0,0,0,0,0,0,0,0,0,0,
0.,0.,0.,
0.,0.,0.,
0.,0.,0.,
0,0,0,0,0,0,0,0,0,0,0,0,0,0,0,0,
104,124,6,17,4,1,0,0,
15043,15052,16052,16043,0,0,0,0,0,0,
0,0,0,0,0,0,0,0,0,0,
0.,0.,0.,
0.,0.,0.,
0.,0.,0.,
0,0,0,0,0,0,0,0,0,0,0,0,0,0,0,0,
105,124,6,17,4,1,0,0,
14054,14043,15043,15054,0,0,0,0,0,0,
0,0,0,0,0,0,0,0,0,0,
0.,0.,0.,
0.,0.,0.,
0.,0.,0.,
0,0,0,0,0,0,0,0,0,0,0,0,0,0,0,0,
106,124,6,17,4,1,0,0,
14067,14054,15054,15067,0,0,0,0,0,0,
0,0,0,0,0,0,0,0,0,0,
0.,0.,0.,
0.,0.,0.,
0.,0.,0.,
0,0,0,0,0,0,0,0,0,0,0,0,0,0,0,0,
107,124,6,17,4,1,0,0,
15054,15043,16043,16054,0,0,0,0,0,0,
0,0,0,0,0,0,0,0,0,0,
0.,0.,0.,
0.,0.,0.,
0.,0.,0.,
0,0,0,0,0,0,0,0,0,0,0,0,0,0,0,0,
108,124,6,17,4,1,0,0,
15067,15054,16054,16067,0,0,0,0,0,0,
0,0,0,0,0,0,0,0,0,0,
0.,0.,0.,
0.,0.,0.,
0.,0.,0.,
0,0,0,0,0,0,0,0,0,0,0,0,0,0,0,0,
109,124,6,17,4,1,0,0,
16027,16025,17025,17027,0,0,0,0,0,0,
0,0,0,0,0,0,0,0,0,0,
0.,0.,0.,
0.,0.,0.,
0.,0.,0.,
0,0,0,0,0,0,0,0,0,0,0,0,0,0,0,0,
110,124,6,17,4,1,0,0,
16029,16027,17027,17029,0,0,0,0,0,0,
0,0,0,0,0,0,0,0,0,0,
0.,0.,0.,
0.,0.,0.,
0.,0.,0.,
0,0,0,0,0,0,0,0,0,0,0,0,0,0,0,0,
111,124,6,17,4,1,0,0,
16033,16029,17029,17033,0,0,0,0,0,0,
0,0,0,0,0,0,0,0,0,0,
0.,0.,0.,
0.,0.,0.,
0.,0.,0.,
0,0,0,0,0,0,0,0,0,0,0,0,0,0,0,0,
112,124,6,17,4,1,0,0,
16040,16033,17033,17040,0,0,0,0,0,0,
0,0,0,0,0,0,0,0,0,0,
0.,0.,0.,
0.,0.,0.,
0.,0.,0.,
0,0,0,0,0,0,0,0,0,0,0,0,0,0,0,0,
113,124,6,17,4,1,0,0,
16050,16040,17040,17050,0,0,0,0,0,0,
0,0,0,0,0,0,0,0,0,0,
0.,0.,0.,
0.,0.,0.,
0.,0.,0.,
0,0,0,0,0,0,0,0,0,0,0,0,0,0,0,0,
114,124,6,17,4,1,0,0,
16050,17050,17041,16041,0,0,0,0,0,0,
0,0,0,0,0,0,0,0,0,0,
0.,0.,0.,
0.,0.,0.,
0.,0.,0.,
0,0,0,0,0,0,0,0,0,0,0,0,0,0,0,0,
115,124,6,17,4,1,0,0,
16041,17041,17052,16052,0,0,0,0,0,0,
0,0,0,0,0,0,0,0,0,0,
0.,0.,0.,
0.,0.,0.,
0.,0.,0.,
0,0,0,0,0,0,0,0,0,0,0,0,0,0,0,0,
116,124,6,17,4,1,0,0,
16043,16052,17052,17043,0,0,0,0,0,0,
0,0,0,0,0,0,0,0,0,0,
0.,0.,0.,
0.,0.,0.,
0.,0.,0.,
0,0,0,0,0,0,0,0,0,0,0,0,0,0,0,0,
117,124,6,17,4,1,0,0,
16054,16043,17043,17054,0,0,0,0,0,0,
0,0,0,0,0,0,0,0,0,0,
0.,0.,0.,
0.,0.,0.,
0.,0.,0.,
0,0,0,0,0,0,0,0,0,0,0,0,0,0,0,0,
118,124,6,17,4,1,0,0,
16067,16054,17054,17067,0,0,0,0,0,0,
0,0,0,0,0,0,0,0,0,0,
0.,0.,0.,
0.,0.,0.,
0.,0.,0.,
0,0,0,0,0,0,0,0,0,0,0,0,0,0,0,0,
119,124,6,17,4,1,0,0,
17027,17025,18025,18027,0,0,0,0,0,0,
0,0,0,0,0,0,0,0,0,0,
0.,0.,0.,
0.,0.,0.,
0.,0.,0.,
0,0,0,0,0,0,0,0,0,0,0,0,0,0,0,0,
120,124,6,17,4,1,0,0,
17029,17027,18027,18029,0,0,0,0,0,0,
0,0,0,0,0,0,0,0,0,0,
0.,0.,0.,
0.,0.,0.,
0.,0.,0.,
0,0,0,0,0,0,0,0,0,0,0,0,0,0,0,0,
121,124,6,17,4,1,0,0,
17033,17029,18029,18033,0,0,0,0,0,0,
0,0,0,0,0,0,0,0,0,0,
0.,0.,0.,
0.,0.,0.,
0.,0.,0.,
0,0,0,0,0,0,0,0,0,0,0,0,0,0,0,0,
122,124,6,17,4,1,0,0,
17040,17033,18033,18040,0,0,0,0,0,0,
0,0,0,0,0,0,0,0,0,0,
0.,0.,0.,
0.,0.,0.,
0.,0.,0.,
0,0,0,0,0,0,0,0,0,0,0,0,0,0,0,0,
123,124,6,17,4,1,0,0,
17050,17040,18040,18050,0,0,0,0,0,0,
0,0,0,0,0,0,0,0,0,0,
0.,0.,0.,
0.,0.,0.,
0.,0.,0.,
0,0,0,0,0,0,0,0,0,0,0,0,0,0,0,0,
124,124,6,17,4,1,0,0,
17050,18050,18041,17041,0,0,0,0,0,0,
0,0,0,0,0,0,0,0,0,0,
0.,0.,0.,
0.,0.,0.,
0.,0.,0.,
0,0,0,0,0,0,0,0,0,0,0,0,0,0,0,0,
125,124,6,17,4,1,0,0,
17041,18041,18052,17052,0,0,0,0,0,0,
0,0,0,0,0,0,0,0,0,0,
0.,0.,0.,
0.,0.,0.,
0.,0.,0.,
0,0,0,0,0,0,0,0,0,0,0,0,0,0,0,0,
126,124,6,17,4,1,0,0,
17043,17052,18052,18043,0,0,0,0,0,0,
0,0,0,0,0,0,0,0,0,0,
0.,0.,0.,
0.,0.,0.,
0.,0.,0.,
0,0,0,0,0,0,0,0,0,0,0,0,0,0,0,0,
127,124,6,17,4,1,0,0,
17054,17043,18043,18054,0,0,0,0,0,0,
0,0,0,0,0,0,0,0,0,0,
0.,0.,0.,
0.,0.,0.,
0.,0.,0.,
0,0,0,0,0,0,0,0,0,0,0,0,0,0,0,0,
128,124,6,17,4,1,0,0,
17067,17054,18054,18067,0,0,0,0,0,0,
0,0,0,0,0,0,0,0,0,0,
0.,0.,0.,
0.,0.,0.,
0.,0.,0.,
0,0,0,0,0,0,0,0,0,0,0,0,0,0,0,0,
129,124,6,17,4,1,0,0,
8056,8057,8071,8069,0,0,0,0,0,0,
0,0,0,0,0,0,0,0,0,0,
0.,0.,0.,
0.,0.,0.,
0.,0.,0.,
0,0,0,0,0,0,0,0,0,0,0,0,0,0,0,0,
130,124,6,17,4,1,0,0,
8057,8061,8078,8071,0,0,0,0,0,0,
0,0,0,0,0,0,0,0,0,0,
0.,0.,0.,
0.,0.,0.,
0.,0.,0.,
0,0,0,0,0,0,0,0,0,0,0,0,0,0,0,0,
131,124,6,17,4,1,0,0,
8061,8066,8080,8078,0,0,0,0,0,0,
0,0,0,0,0,0,0,0,0,0,
0.,0.,0.,
0.,0.,0.,
0.,0.,0.,
0,0,0,0,0,0,0,0,0,0,0,0,0,0,0,0,
132,124,6,17,4,1,0,0,
8066,8073,8088,8080,0,0,0,0,0,0,
0,0,0,0,0,0,0,0,0,0,
0.,0.,0.,
0.,0.,0.,
0.,0.,0.,
0,0,0,0,0,0,0,0,0,0,0,0,0,0,0,0,
133,124,6,17,4,1,0,0,
8088,8098,9098,9088,0,0,0,0,0,0,
0,0,0,0,0,0,0,0,0,0,
0.,0.,0.,
0.,0.,0.,
0.,0.,0.,
0,0,0,0,0,0,0,0,0,0,0,0,0,0,0,0,
134,124,6,17,4,1,0,0,
8080,8088,9088,9080,0,0,0,0,0,0,
0,0,0,0,0,0,0,0,0,0,
0.,0.,0.,
0.,0.,0.,
0.,0.,0.,
0,0,0,0,0,0,0,0,0,0,0,0,0,0,0,0,
135,124,6,17,4,1,0,0,
8098,8106,8118,8114,0,0,0,0,0,0,
0,0,0,0,0,0,0,0,0,0,
0.,0.,0.,
0.,0.,0.,
0.,0.,0.,
0,0,0,0,0,0,0,0,0,0,0,0,0,0,0,0,
136,124,6,17,4,1,0,0,
8098,8114,9114,9098,0,0,0,0,0,0,
0,0,0,0,0,0,0,0,0,0,
0.,0.,0.,
0.,0.,0.,
0.,0.,0.,
0,0,0,0,0,0,0,0,0,0,0,0,0,0,0,0,
137,124,6,17,4,1,0,0,
8114,8118,9118,9114,0,0,0,0,0,0,
0,0,0,0,0,0,0,0,0,0,
0.,0.,0.,
0.,0.,0.,
0.,0.,0.,
0,0,0,0,0,0,0,0,0,0,0,0,0,0,0,0,
138,124,6,17,4,1,0,0,
8069,8071,9071,9069,0,0,0,0,0,0,
0,0,0,0,0,0,0,0,0,0,
0.,0.,0.,
0.,0.,0.,
0.,0.,0.,
0,0,0,0,0,0,0,0,0,0,0,0,0,0,0,0,
139,124,6,17,4,1,0,0,
8071,8078,9078,9071,0,0,0,0,0,0,
0,0,0,0,0,0,0,0,0,0,
0.,0.,0.,
0.,0.,0.,
0.,0.,0.,
0,0,0,0,0,0,0,0,0,0,0,0,0,0,0,0,
140,124,6,17,4,1,0,0,
8078,8080,9080,9078,0,0,0,0,0,0,
0,0,0,0,0,0,0,0,0,0,
0.,0.,0.,
0.,0.,0.,
0.,0.,0.,
0,0,0,0,0,0,0,0,0,0,0,0,0,0,0,0,
141,124,6,17,4,1,0,0,
9069,9071,9086,9084,0,0,0,0,0,0,
0,0,0,0,0,0,0,0,0,0,
0.,0.,0.,
0.,0.,0.,
0.,0.,0.,
0,0,0,0,0,0,0,0,0,0,0,0,0,0,0,0,
142,124,6,17,4,1,0,0,
9071,9078,9092,9086,0,0,0,0,0,0,
0,0,0,0,0,0,0,0,0,0,
0.,0.,0.,
0.,0.,0.,
0.,0.,0.,
0,0,0,0,0,0,0,0,0,0,0,0,0,0,0,0,
143,124,6,17,4,1,0,0,
9078,9080,9096,9092,0,0,0,0,0,0,
0,0,0,0,0,0,0,0,0,0,
0.,0.,0.,
0.,0.,0.,
0.,0.,0.,
0,0,0,0,0,0,0,0,0,0,0,0,0,0,0,0,
144,124,6,17,4,1,0,0,
9080,9088,9102,9096,0,0,0,0,0,0,
0,0,0,0,0,0,0,0,0,0,
0.,0.,0.,
0.,0.,0.,
0.,0.,0.,
0,0,0,0,0,0,0,0,0,0,0,0,0,0,0,0,
145,124,6,17,4,1,0,0,
9088,9098,9114,9102,0,0,0,0,0,0,
0,0,0,0,0,0,0,0,0,0,
0.,0.,0.,
0.,0.,0.,
0.,0.,0.,
0,0,0,0,0,0,0,0,0,0,0,0,0,0,0,0,
146,124,6,17,4,1,0,0,
10107,10099,11099,11107,0,0,0,0,0,0,
0,0,0,0,0,0,0,0,0,0,
0.,0.,0.,
0.,0.,0.,
0.,0.,0.,
0,0,0,0,0,0,0,0,0,0,0,0,0,0,0,0,
147,124,6,17,4,1,0,0,
10107,11107,11119,10119,0,0,0,0,0,0,
0,0,0,0,0,0,0,0,0,0,
0.,0.,0.,
0.,0.,0.,
0.,0.,0.,
0,0,0,0,0,0,0,0,0,0,0,0,0,0,0,0,
148,124,6,17,4,1,0,0,
10082,11082,11099,10099,0,0,0,0,0,0,
0,0,0,0,0,0,0,0,0,0,
0.,0.,0.,
0.,0.,0.,
0.,0.,0.,
0,0,0,0,0,0,0,0,0,0,0,0,0,0,0,0,
149,124,6,17,4,1,0,0,
11082,12082,12099,11099,0,0,0,0,0,0,
0,0,0,0,0,0,0,0,0,0,
0.,0.,0.,
0.,0.,0.,
0.,0.,0.,
0,0,0,0,0,0,0,0,0,0,0,0,0,0,0,0,
150,124,6,17,4,1,0,0,
11107,11099,12099,12107,0,0,0,0,0,0,
0,0,0,0,0,0,0,0,0,0,
0.,0.,0.,
0.,0.,0.,
0.,0.,0.,
0,0,0,0,0,0,0,0,0,0,0,0,0,0,0,0,
151,124,6,17,4,1,0,0,
11107,12107,12119,11119,0,0,0,0,0,0,
0,0,0,0,0,0,0,0,0,0,
0.,0.,0.,
0.,0.,0.,
0.,0.,0.,
0,0,0,0,0,0,0,0,0,0,0,0,0,0,0,0,
152,124,6,17,4,1,0,0,
11129,11119,12119,12129,0,0,0,0,0,0,
0,0,0,0,0,0,0,0,0,0,
0.,0.,0.,
0.,0.,0.,
0.,0.,0.,
0,0,0,0,0,0,0,0,0,0,0,0,0,0,0,0,
153,124,6,17,4,1,0,0,
12082,13082,13099,12099,0,0,0,0,0,0,
0,0,0,0,0,0,0,0,0,0,
0.,0.,0.,
0.,0.,0.,
0.,0.,0.,
0,0,0,0,0,0,0,0,0,0,0,0,0,0,0,0,
154,124,6,17,4,1,0,0,
12107,12099,13099,13107,0,0,0,0,0,0,
0,0,0,0,0,0,0,0,0,0,
0.,0.,0.,
0.,0.,0.,
0.,0.,0.,
0,0,0,0,0,0,0,0,0,0,0,0,0,0,0,0,
155,124,6,17,4,1,0,0,
12107,13107,13119,12119,0,0,0,0,0,0,
0,0,0,0,0,0,0,0,0,0,
0.,0.,0.,
0.,0.,0.,
0.,0.,0.,
0,0,0,0,0,0,0,0,0,0,0,0,0,0,0,0,
156,124,6,17,4,1,0,0,
12129,12119,13119,13129,0,0,0,0,0,0,
0,0,0,0,0,0,0,0,0,0,
0.,0.,0.,
0.,0.,0.,
0.,0.,0.,
0,0,0,0,0,0,0,0,0,0,0,0,0,0,0,0,
157,124,6,17,4,1,0,0,
12129,13129,13136,12136,0,0,0,0,0,0,
0,0,0,0,0,0,0,0,0,0,
0.,0.,0.,
0.,0.,0.,
0.,0.,0.,
0,0,0,0,0,0,0,0,0,0,0,0,0,0,0,0,
158,124,6,17,4,1,0,0,
13082,14082,14099,13099,0,0,0,0,0,0,
0,0,0,0,0,0,0,0,0,0,
0.,0.,0.,
0.,0.,0.,
0.,0.,0.,
0,0,0,0,0,0,0,0,0,0,0,0,0,0,0,0,
159,124,6,17,4,1,0,0,
13082,13074,14074,14082,0,0,0,0,0,0,
0,0,0,0,0,0,0,0,0,0,
0.,0.,0.,
0.,0.,0.,
0.,0.,0.,
0,0,0,0,0,0,0,0,0,0,0,0,0,0,0,0,
160,124,6,17,4,1,0,0,
13107,13099,14099,14107,0,0,0,0,0,0,
0,0,0,0,0,0,0,0,0,0,
0.,0.,0.,
0.,0.,0.,
0.,0.,0.,
0,0,0,0,0,0,0,0,0,0,0,0,0,0,0,0,
161,124,6,17,4,1,0,0,
13107,14107,14119,13119,0,0,0,0,0,0,
0,0,0,0,0,0,0,0,0,0,
0.,0.,0.,
0.,0.,0.,
0.,0.,0.,
0,0,0,0,0,0,0,0,0,0,0,0,0,0,0,0,
162,124,6,17,4,1,0,0,
13129,13119,14119,14129,0,0,0,0,0,0,
0,0,0,0,0,0,0,0,0,0,
0.,0.,0.,
0.,0.,0.,
0.,0.,0.,
0,0,0,0,0,0,0,0,0,0,0,0,0,0,0,0,
163,124,6,17,4,1,0,0,
13129,14129,14136,13136,0,0,0,0,0,0,
0,0,0,0,0,0,0,0,0,0,
0.,0.,0.,
0.,0.,0.,
0.,0.,0.,
0,0,0,0,0,0,0,0,0,0,0,0,0,0,0,0,
164,124,6,17,4,1,0,0,
14082,14074,14089,14099,0,0,0,0,0,0,
0,0,0,0,0,0,0,0,0,0,
0.,0.,0.,
0.,0.,0.,
0.,0.,0.,
0,0,0,0,0,0,0,0,0,0,0,0,0,0,0,0,
165,124,6,17,4,1,0,0,
14074,14067,15067,15074,0,0,0,0,0,0,
0,0,0,0,0,0,0,0,0,0,
0.,0.,0.,
0.,0.,0.,
0.,0.,0.,
0,0,0,0,0,0,0,0,0,0,0,0,0,0,0,0,
166,124,6,17,4,1,0,0,
14074,15074,15089,14089,0,0,0,0,0,0,
0,0,0,0,0,0,0,0,0,0,
0.,0.,0.,
0.,0.,0.,
0.,0.,0.,
0,0,0,0,0,0,0,0,0,0,0,0,0,0,0,0,
167,124,6,17,4,1,0,0,
14107,14099,14115,14119,0,0,0,0,0,0,
0,0,0,0,0,0,0,0,0,0,
0.,0.,0.,
0.,0.,0.,
0.,0.,0.,
0,0,0,0,0,0,0,0,0,0,0,0,0,0,0,0,
168,124,6,17,4,1,0,0,
14099,14089,15089,15099,0,0,0,0,0,0,
0,0,0,0,0,0,0,0,0,0,
0.,0.,0.,
0.,0.,0.,
0.,0.,0.,
0,0,0,0,0,0,0,0,0,0,0,0,0,0,0,0,
169,124,6,17,4,1,0,0,
14099,15099,15115,14115,0,0,0,0,0,0,
0,0,0,0,0,0,0,0,0,0,
0.,0.,0.,
0.,0.,0.,
0.,0.,0.,
0,0,0,0,0,0,0,0,0,0,0,0,0,0,0,0,
170,124,6,17,4,1,0,0,
14129,14119,14135,14136,0,0,0,0,0,0,
0,0,0,0,0,0,0,0,0,0,
0.,0.,0.,
0.,0.,0.,
0.,0.,0.,
0,0,0,0,0,0,0,0,0,0,0,0,0,0,0,0,
171,124,6,17,4,1,0,0,
14119,14115,15115,15119,0,0,0,0,0,0,
0,0,0,0,0,0,0,0,0,0,
0.,0.,0.,
0.,0.,0.,
0.,0.,0.,
0,0,0,0,0,0,0,0,0,0,0,0,0,0,0,0,
172,124,6,17,4,1,0,0,
14119,15119,15135,14135,0,0,0,0,0,0,
0,0,0,0,0,0,0,0,0,0,
0.,0.,0.,
0.,0.,0.,
0.,0.,0.,
0,0,0,0,0,0,0,0,0,0,0,0,0,0,0,0,
173,124,6,17,4,1,0,0,
14136,14135,15135,15136,0,0,0,0,0,0,
0,0,0,0,0,0,0,0,0,0,
0.,0.,0.,
0.,0.,0.,
0.,0.,0.,
0,0,0,0,0,0,0,0,0,0,0,0,0,0,0,0,
174,124,6,17,4,1,0,0,
15074,15067,16067,16074,0,0,0,0,0,0,
0,0,0,0,0,0,0,0,0,0,
0.,0.,0.,
0.,0.,0.,
0.,0.,0.,
0,0,0,0,0,0,0,0,0,0,0,0,0,0,0,0,
175,124,6,17,4,1,0,0,
15074,16074,16089,15089,0,0,0,0,0,0,
0,0,0,0,0,0,0,0,0,0,
0.,0.,0.,
0.,0.,0.,
0.,0.,0.,
0,0,0,0,0,0,0,0,0,0,0,0,0,0,0,0,
176,124,6,17,4,1,0,0,
15099,15089,16089,16099,0,0,0,0,0,0,
0,0,0,0,0,0,0,0,0,0,
0.,0.,0.,
0.,0.,0.,
0.,0.,0.,
0,0,0,0,0,0,0,0,0,0,0,0,0,0,0,0,
177,124,6,17,4,1,0,0,
15099,16099,16115,15115,0,0,0,0,0,0,
0,0,0,0,0,0,0,0,0,0,
0.,0.,0.,
0.,0.,0.,
0.,0.,0.,
0,0,0,0,0,0,0,0,0,0,0,0,0,0,0,0,
178,124,6,17,4,1,0,0,
15119,15115,16115,16119,0,0,0,0,0,0,
0,0,0,0,0,0,0,0,0,0,
0.,0.,0.,
0.,0.,0.,
0.,0.,0.,
0,0,0,0,0,0,0,0,0,0,0,0,0,0,0,0,
179,124,6,17,4,1,0,0,
15119,16119,16135,15135,0,0,0,0,0,0,
0,0,0,0,0,0,0,0,0,0,
0.,0.,0.,
0.,0.,0.,
0.,0.,0.,
0,0,0,0,0,0,0,0,0,0,0,0,0,0,0,0,
180,124,6,17,4,1,0,0,
15136,15135,16135,16136,0,0,0,0,0,0,
0,0,0,0,0,0,0,0,0,0,
0.,0.,0.,
0.,0.,0.,
0.,0.,0.,
0,0,0,0,0,0,0,0,0,0,0,0,0,0,0,0,
181,124,6,17,4,1,0,0,
15136,16136,16144,15144,0,0,0,0,0,0,
0,0,0,0,0,0,0,0,0,0,
0.,0.,0.,
0.,0.,0.,
0.,0.,0.,
0,0,0,0,0,0,0,0,0,0,0,0,0,0,0,0,
182,124,6,17,4,1,0,0,
16074,16067,16081,16089,0,0,0,0,0,0,
0,0,0,0,0,0,0,0,0,0,
0.,0.,0.,
0.,0.,0.,
0.,0.,0.,
0,0,0,0,0,0,0,0,0,0,0,0,0,0,0,0,
183,124,6,17,4,1,0,0,
16067,17067,17081,16081,0,0,0,0,0,0,
0,0,0,0,0,0,0,0,0,0,
0.,0.,0.,
0.,0.,0.,
0.,0.,0.,
0,0,0,0,0,0,0,0,0,0,0,0,0,0,0,0,
184,124,6,17,4,1,0,0,
16099,16089,16103,16115,0,0,0,0,0,0,
0,0,0,0,0,0,0,0,0,0,
0.,0.,0.,
0.,0.,0.,
0.,0.,0.,
0,0,0,0,0,0,0,0,0,0,0,0,0,0,0,0,
185,124,6,17,4,1,0,0,
16089,16081,17081,17089,0,0,0,0,0,0,
0,0,0,0,0,0,0,0,0,0,
0.,0.,0.,
0.,0.,0.,
0.,0.,0.,
0,0,0,0,0,0,0,0,0,0,0,0,0,0,0,0,
186,124,6,17,4,1,0,0,
16089,17089,17103,16103,0,0,0,0,0,0,
0,0,0,0,0,0,0,0,0,0,
0.,0.,0.,
0.,0.,0.,
0.,0.,0.,
0,0,0,0,0,0,0,0,0,0,0,0,0,0,0,0,
187,124,6,17,4,1,0,0,
16119,16115,16125,16135,0,0,0,0,0,0,
0,0,0,0,0,0,0,0,0,0,
0.,0.,0.,
0.,0.,0.,
0.,0.,0.,
0,0,0,0,0,0,0,0,0,0,0,0,0,0,0,0,
188,124,6,17,4,1,0,0,
16115,16103,17103,17115,0,0,0,0,0,0,
0,0,0,0,0,0,0,0,0,0,
0.,0.,0.,
0.,0.,0.,
0.,0.,0.,
0,0,0,0,0,0,0,0,0,0,0,0,0,0,0,0,
189,124,6,17,4,1,0,0,
16115,17115,17125,16125,0,0,0,0,0,0,
0,0,0,0,0,0,0,0,0,0,
0.,0.,0.,
0.,0.,0.,
0.,0.,0.,
0,0,0,0,0,0,0,0,0,0,0,0,0,0,0,0,
190,124,6,17,4,1,0,0,
16135,16140,16144,16136,0,0,0,0,0,0,
0,0,0,0,0,0,0,0,0,0,
0.,0.,0.,
0.,0.,0.,
0.,0.,0.,
0,0,0,0,0,0,0,0,0,0,0,0,0,0,0,0,
191,124,6,17,4,1,0,0,
16135,16125,17125,17135,0,0,0,0,0,0,
0,0,0,0,0,0,0,0,0,0,
0.,0.,0.,
0.,0.,0.,
0.,0.,0.,
0,0,0,0,0,0,0,0,0,0,0,0,0,0,0,0,
192,124,6,17,4,1,0,0,
16135,17135,17140,16140,0,0,0,0,0,0,
0,0,0,0,0,0,0,0,0,0,
0.,0.,0.,
0.,0.,0.,
0.,0.,0.,
0,0,0,0,0,0,0,0,0,0,0,0,0,0,0,0,
193,124,6,17,4,1,0,0,
16140,17140,17144,16144,0,0,0,0,0,0,
0,0,0,0,0,0,0,0,0,0,
0.,0.,0.,
0.,0.,0.,
0.,0.,0.,
0,0,0,0,0,0,0,0,0,0,0,0,0,0,0,0,
194,124,6,17,4,1,0,0,
17067,18067,18081,17081,0,0,0,0,0,0,
0,0,0,0,0,0,0,0,0,0,
0.,0.,0.,
0.,0.,0.,
0.,0.,0.,
0,0,0,0,0,0,0,0,0,0,0,0,0,0,0,0,
195,124,6,17,4,1,0,0,
17089,17081,18081,18089,0,0,0,0,0,0,
0,0,0,0,0,0,0,0,0,0,
0.,0.,0.,
0.,0.,0.,
0.,0.,0.,
0,0,0,0,0,0,0,0,0,0,0,0,0,0,0,0,
196,124,6,17,4,1,0,0,
17089,18089,18103,17103,0,0,0,0,0,0,
0,0,0,0,0,0,0,0,0,0,
0.,0.,0.,
0.,0.,0.,
0.,0.,0.,
0,0,0,0,0,0,0,0,0,0,0,0,0,0,0,0,
197,124,6,17,4,1,0,0,
17115,17103,18103,18115,0,0,0,0,0,0,
0,0,0,0,0,0,0,0,0,0,
0.,0.,0.,
0.,0.,0.,
0.,0.,0.,
0,0,0,0,0,0,0,0,0,0,0,0,0,0,0,0,
198,124,6,17,4,1,0,0,
17115,18115,18125,17125,0,0,0,0,0,0,
0,0,0,0,0,0,0,0,0,0,
0.,0.,0.,
0.,0.,0.,
0.,0.,0.,
0,0,0,0,0,0,0,0,0,0,0,0,0,0,0,0,
199,124,6,17,4,1,0,0,
17135,17125,18125,18135,0,0,0,0,0,0,
0,0,0,0,0,0,0,0,0,0,
0.,0.,0.,
0.,0.,0.,
0.,0.,0.,
0,0,0,0,0,0,0,0,0,0,0,0,0,0,0,0,
200,124,6,17,4,1,0,0,
17135,18135,18140,17140,0,0,0,0,0,0,
0,0,0,0,0,0,0,0,0,0,
0.,0.,0.,
0.,0.,0.,
0.,0.,0.,
0,0,0,0,0,0,0,0,0,0,0,0,0,0,0,0,
201,124,6,17,4,1,0,0,
17140,18140,18144,17144,0,0,0,0,0,0,
0,0,0,0,0,0,0,0,0,0,
0.,0.,0.,
0.,0.,0.,
0.,0.,0.,
0,0,0,0,0,0,0,0,0,0,0,0,0,0,0,0,
202,124,6,17,4,1,0,0,
8095,9095,9110,8110,0,0,0,0,0,0,
0,0,0,0,0,0,0,0,0,0,
0.,0.,0.,
0.,0.,0.,
0.,0.,0.,
0,0,0,0,0,0,0,0,0,0,0,0,0,0,0,0,
203,124,6,17,4,1,0,0,
8106,8110,9110,9106,0,0,0,0,0,0,
0,0,0,0,0,0,0,0,0,0,
0.,0.,0.,
0.,0.,0.,
0.,0.,0.,
0,0,0,0,0,0,0,0,0,0,0,0,0,0,0,0,
204,124,6,17,4,1,0,0,
8106,9106,9118,8118,0,0,0,0,0,0,
0,0,0,0,0,0,0,0,0,0,
0.,0.,0.,
0.,0.,0.,
0.,0.,0.,
0,0,0,0,0,0,0,0,0,0,0,0,0,0,0,0,
205,124,6,17,4,1,0,0,
9095,9094,9111,9110,0,0,0,0,0,0,
0,0,0,0,0,0,0,0,0,0,
0.,0.,0.,
0.,0.,0.,
0.,0.,0.,
0,0,0,0,0,0,0,0,0,0,0,0,0,0,0,0,
206,124,6,17,4,1,0,0,
9110,9111,10111,10110,0,0,0,0,0,0,
0,0,0,0,0,0,0,0,0,0,
0.,0.,0.,
0.,0.,0.,
0.,0.,0.,
0,0,0,0,0,0,0,0,0,0,0,0,0,0,0,0,
207,124,6,17,4,1,0,0,
9111,9107,10107,10111,0,0,0,0,0,0,
0,0,0,0,0,0,0,0,0,0,
0.,0.,0.,
0.,0.,0.,
0.,0.,0.,
0,0,0,0,0,0,0,0,0,0,0,0,0,0,0,0,
208,124,6,17,4,1,0,0,
9106,9110,9128,9118,0,0,0,0,0,0,
0,0,0,0,0,0,0,0,0,0,
0.,0.,0.,
0.,0.,0.,
0.,0.,0.,
0,0,0,0,0,0,0,0,0,0,0,0,0,0,0,0,
209,124,6,17,4,1,0,0,
9110,10110,10128,9128,0,0,0,0,0,0,
0,0,0,0,0,0,0,0,0,0,
0.,0.,0.,
0.,0.,0.,
0.,0.,0.,
0,0,0,0,0,0,0,0,0,0,0,0,0,0,0,0,
210,124,6,17,4,1,0,0,
9118,9128,10128,10118,0,0,0,0,0,0,
0,0,0,0,0,0,0,0,0,0,
0.,0.,0.,
0.,0.,0.,
0.,0.,0.,
0,0,0,0,0,0,0,0,0,0,0,0,0,0,0,0,
211,124,6,17,4,1,0,0,
10111,10107,10119,10129,0,0,0,0,0,0,
0,0,0,0,0,0,0,0,0,0,
0.,0.,0.,
0.,0.,0.,
0.,0.,0.,
0,0,0,0,0,0,0,0,0,0,0,0,0,0,0,0,
212,124,6,17,4,1,0,0,
10110,10111,10129,10128,0,0,0,0,0,0,
0,0,0,0,0,0,0,0,0,0,
0.,0.,0.,
0.,0.,0.,
0.,0.,0.,
0,0,0,0,0,0,0,0,0,0,0,0,0,0,0,0,
213,124,6,17,4,1,0,0,
10128,10129,11129,11128,0,0,0,0,0,0,
0,0,0,0,0,0,0,0,0,0,
0.,0.,0.,
0.,0.,0.,
0.,0.,0.,
0,0,0,0,0,0,0,0,0,0,0,0,0,0,0,0,
214,124,6,17,4,1,0,0,
10129,10119,11119,11129,0,0,0,0,0,0,
0,0,0,0,0,0,0,0,0,0,
0.,0.,0.,
0.,0.,0.,
0.,0.,0.,
0,0,0,0,0,0,0,0,0,0,0,0,0,0,0,0,
215,124,6,17,4,1,0,0,
9114,9118,10118,10114,0,0,0,0,0,0,
0,0,0,0,0,0,0,0,0,0,
0.,0.,0.,
0.,0.,0.,
0.,0.,0.,
0,0,0,0,0,0,0,0,0,0,0,0,0,0,0,0,
216,124,6,17,4,1,0,0,
9102,9114,10114,10102,0,0,0,0,0,0,
0,0,0,0,0,0,0,0,0,0,
0.,0.,0.,
0.,0.,0.,
0.,0.,0.,
0,0,0,0,0,0,0,0,0,0,0,0,0,0,0,0,
217,124,6,17,4,1,0,0,
9084,9086,10086,10084,0,0,0,0,0,0,
0,0,0,0,0,0,0,0,0,0,
0.,0.,0.,
0.,0.,0.,
0.,0.,0.,
0,0,0,0,0,0,0,0,0,0,0,0,0,0,0,0,
218,124,6,17,4,1,0,0,
9086,9092,10092,10086,0,0,0,0,0,0,
0,0,0,0,0,0,0,0,0,0,
0.,0.,0.,
0.,0.,0.,
0.,0.,0.,
0,0,0,0,0,0,0,0,0,0,0,0,0,0,0,0,
219,124,6,17,4,1,0,0,
9092,9096,10096,10092,0,0,0,0,0,0,
0,0,0,0,0,0,0,0,0,0,
0.,0.,0.,
0.,0.,0.,
0.,0.,0.,
0,0,0,0,0,0,0,0,0,0,0,0,0,0,0,0,
220,124,6,17,4,1,0,0,
9096,9102,10102,10096,0,0,0,0,0,0,
0,0,0,0,0,0,0,0,0,0,
0.,0.,0.,
0.,0.,0.,
0.,0.,0.,
0,0,0,0,0,0,0,0,0,0,0,0,0,0,0,0,
221,124,6,17,4,1,0,0,
10084,10086,11086,11084,0,0,0,0,0,0,
0,0,0,0,0,0,0,0,0,0,
0.,0.,0.,
0.,0.,0.,
0.,0.,0.,
0,0,0,0,0,0,0,0,0,0,0,0,0,0,0,0,
222,124,6,17,4,1,0,0,
10086,10092,11092,11086,0,0,0,0,0,0,
0,0,0,0,0,0,0,0,0,0,
0.,0.,0.,
0.,0.,0.,
0.,0.,0.,
0,0,0,0,0,0,0,0,0,0,0,0,0,0,0,0,
223,124,6,17,4,1,0,0,
10092,10096,11096,11092,0,0,0,0,0,0,
0,0,0,0,0,0,0,0,0,0,
0.,0.,0.,
0.,0.,0.,
0.,0.,0.,
0,0,0,0,0,0,0,0,0,0,0,0,0,0,0,0,
224,124,6,17,4,1,0,0,
10096,10102,11102,11096,0,0,0,0,0,0,
0,0,0,0,0,0,0,0,0,0,
0.,0.,0.,
0.,0.,0.,
0.,0.,0.,
0,0,0,0,0,0,0,0,0,0,0,0,0,0,0,0,
225,124,6,17,4,1,0,0,
10102,10114,11114,11102,0,0,0,0,0,0,
0,0,0,0,0,0,0,0,0,0,
0.,0.,0.,
0.,0.,0.,
0.,0.,0.,
0,0,0,0,0,0,0,0,0,0,0,0,0,0,0,0,
226,124,6,17,4,1,0,0,
10114,10118,11118,11114,0,0,0,0,0,0,
0,0,0,0,0,0,0,0,0,0,
0.,0.,0.,
0.,0.,0.,
0.,0.,0.,
0,0,0,0,0,0,0,0,0,0,0,0,0,0,0,0,
227,124,6,17,4,1,0,0,
10118,10128,11128,11118,0,0,0,0,0,0,
0,0,0,0,0,0,0,0,0,0,
0.,0.,0.,
0.,0.,0.,
0.,0.,0.,
0,0,0,0,0,0,0,0,0,0,0,0,0,0,0,0,
228,124,6,17,4,1,0,0,
11084,11086,12086,12084,0,0,0,0,0,0,
0,0,0,0,0,0,0,0,0,0,
0.,0.,0.,
0.,0.,0.,
0.,0.,0.,
0,0,0,0,0,0,0,0,0,0,0,0,0,0,0,0,
229,124,6,17,4,1,0,0,
11086,11092,12092,12086,0,0,0,0,0,0,
0,0,0,0,0,0,0,0,0,0,
0.,0.,0.,
0.,0.,0.,
0.,0.,0.,
0,0,0,0,0,0,0,0,0,0,0,0,0,0,0,0,
230,124,6,17,4,1,0,0,
11092,11096,12096,12092,0,0,0,0,0,0,
0,0,0,0,0,0,0,0,0,0,
0.,0.,0.,
0.,0.,0.,
0.,0.,0.,
0,0,0,0,0,0,0,0,0,0,0,0,0,0,0,0,
231,124,6,17,4,1,0,0,
11096,11102,12102,12096,0,0,0,0,0,0,
0,0,0,0,0,0,0,0,0,0,
0.,0.,0.,
0.,0.,0.,
0.,0.,0.,
0,0,0,0,0,0,0,0,0,0,0,0,0,0,0,0,
232,124,6,17,4,1,0,0,
11102,11114,12114,12102,0,0,0,0,0,0,
0,0,0,0,0,0,0,0,0,0,
0.,0.,0.,
0.,0.,0.,
0.,0.,0.,
0,0,0,0,0,0,0,0,0,0,0,0,0,0,0,0,
233,124,6,17,4,1,0,0,
11114,11118,12118,12114,0,0,0,0,0,0,
0,0,0,0,0,0,0,0,0,0,
0.,0.,0.,
0.,0.,0.,
0.,0.,0.,
0,0,0,0,0,0,0,0,0,0,0,0,0,0,0,0,
234,124,6,17,4,1,0,0,
11118,11128,12128,12118,0,0,0,0,0,0,
0,0,0,0,0,0,0,0,0,0,
0.,0.,0.,
0.,0.,0.,
0.,0.,0.,
0,0,0,0,0,0,0,0,0,0,0,0,0,0,0,0,
235,124,6,17,4,1,0,0,
11128,11129,12129,12128,0,0,0,0,0,0,
0,0,0,0,0,0,0,0,0,0,
0.,0.,0.,
0.,0.,0.,
0.,0.,0.,
0,0,0,0,0,0,0,0,0,0,0,0,0,0,0,0,
236,124,6,17,4,1,0,0,
12084,12086,13086,13084,0,0,0,0,0,0,
0,0,0,0,0,0,0,0,0,0,
0.,0.,0.,
0.,0.,0.,
0.,0.,0.,
0,0,0,0,0,0,0,0,0,0,0,0,0,0,0,0,
237,124,6,17,4,1,0,0,
12086,12092,13092,13086,0,0,0,0,0,0,
0,0,0,0,0,0,0,0,0,0,
0.,0.,0.,
0.,0.,0.,
0.,0.,0.,
0,0,0,0,0,0,0,0,0,0,0,0,0,0,0,0,
238,124,6,17,4,1,0,0,
12092,12096,13096,13092,0,0,0,0,0,0,
0,0,0,0,0,0,0,0,0,0,
0.,0.,0.,
0.,0.,0.,
0.,0.,0.,
0,0,0,0,0,0,0,0,0,0,0,0,0,0,0,0,
239,124,6,17,4,1,0,0,
12096,12102,13102,13096,0,0,0,0,0,0,
0,0,0,0,0,0,0,0,0,0,
0.,0.,0.,
0.,0.,0.,
0.,0.,0.,
0,0,0,0,0,0,0,0,0,0,0,0,0,0,0,0,
240,124,6,17,4,1,0,0,
12102,12114,13114,13102,0,0,0,0,0,0,
0,0,0,0,0,0,0,0,0,0,
0.,0.,0.,
0.,0.,0.,
0.,0.,0.,
0,0,0,0,0,0,0,0,0,0,0,0,0,0,0,0,
241,124,6,17,4,1,0,0,
12114,12118,13118,13114,0,0,0,0,0,0,
0,0,0,0,0,0,0,0,0,0,
0.,0.,0.,
0.,0.,0.,
0.,0.,0.,
0,0,0,0,0,0,0,0,0,0,0,0,0,0,0,0,
242,124,6,17,4,1,0,0,
12118,12128,13128,13118,0,0,0,0,0,0,
0,0,0,0,0,0,0,0,0,0,
0.,0.,0.,
0.,0.,0.,
0.,0.,0.,
0,0,0,0,0,0,0,0,0,0,0,0,0,0,0,0,
243,124,6,17,4,1,0,0,
12128,12129,12136,12137,0,0,0,0,0,0,
0,0,0,0,0,0,0,0,0,0,
0.,0.,0.,
0.,0.,0.,
0.,0.,0.,
0,0,0,0,0,0,0,0,0,0,0,0,0,0,0,0,
244,124,6,17,4,1,0,0,
12128,12137,13137,13128,0,0,0,0,0,0,
0,0,0,0,0,0,0,0,0,0,
0.,0.,0.,
0.,0.,0.,
0.,0.,0.,
0,0,0,0,0,0,0,0,0,0,0,0,0,0,0,0,
245,124,6,17,4,1,0,0,
13084,13086,14086,14084,0,0,0,0,0,0,
0,0,0,0,0,0,0,0,0,0,
0.,0.,0.,
0.,0.,0.,
0.,0.,0.,
0,0,0,0,0,0,0,0,0,0,0,0,0,0,0,0,
246,124,6,17,4,1,0,0,
13086,13092,14092,14086,0,0,0,0,0,0,
0,0,0,0,0,0,0,0,0,0,
0.,0.,0.,
0.,0.,0.,
0.,0.,0.,
0,0,0,0,0,0,0,0,0,0,0,0,0,0,0,0,
247,124,6,17,4,1,0,0,
13092,13096,14096,14092,0,0,0,0,0,0,
0,0,0,0,0,0,0,0,0,0,
0.,0.,0.,
0.,0.,0.,
0.,0.,0.,
0,0,0,0,0,0,0,0,0,0,0,0,0,0,0,0,
248,124,6,17,4,1,0,0,
13096,13102,14102,14096,0,0,0,0,0,0,
0,0,0,0,0,0,0,0,0,0,
0.,0.,0.,
0.,0.,0.,
0.,0.,0.,
0,0,0,0,0,0,0,0,0,0,0,0,0,0,0,0,
249,124,6,17,4,1,0,0,
13102,13114,14114,14102,0,0,0,0,0,0,
0,0,0,0,0,0,0,0,0,0,
0.,0.,0.,
0.,0.,0.,
0.,0.,0.,
0,0,0,0,0,0,0,0,0,0,0,0,0,0,0,0,
250,124,6,17,4,1,0,0,
13114,13118,14118,14114,0,0,0,0,0,0,
0,0,0,0,0,0,0,0,0,0,
0.,0.,0.,
0.,0.,0.,
0.,0.,0.,
0,0,0,0,0,0,0,0,0,0,0,0,0,0,0,0,
251,124,6,17,4,1,0,0,
13118,13128,14128,14118,0,0,0,0,0,0,
0,0,0,0,0,0,0,0,0,0,
0.,0.,0.,
0.,0.,0.,
0.,0.,0.,
0,0,0,0,0,0,0,0,0,0,0,0,0,0,0,0,
252,124,6,17,4,1,0,0,
13128,13137,14137,14128,0,0,0,0,0,0,
0,0,0,0,0,0,0,0,0,0,
0.,0.,0.,
0.,0.,0.,
0.,0.,0.,
0,0,0,0,0,0,0,0,0,0,0,0,0,0,0,0,
253,124,6,17,4,1,0,0,
12137,12136,13136,13137,0,0,0,0,0,0,
0,0,0,0,0,0,0,0,0,0,
0.,0.,0.,
0.,0.,0.,
0.,0.,0.,
0,0,0,0,0,0,0,0,0,0,0,0,0,0,0,0,
254,124,6,17,4,1,0,0,
13137,13136,14136,14137,0,0,0,0,0,0,
0,0,0,0,0,0,0,0,0,0,
0.,0.,0.,
0.,0.,0.,
0.,0.,0.,
0,0,0,0,0,0,0,0,0,0,0,0,0,0,0,0,
255,124,6,17,4,1,0,0,
14084,14086,15086,15084,0,0,0,0,0,0,
0,0,0,0,0,0,0,0,0,0,
0.,0.,0.,
0.,0.,0.,
0.,0.,0.,
0,0,0,0,0,0,0,0,0,0,0,0,0,0,0,0,
256,124,6,17,4,1,0,0,
14086,14092,15092,15086,0,0,0,0,0,0,
0,0,0,0,0,0,0,0,0,0,
0.,0.,0.,
0.,0.,0.,
0.,0.,0.,
0,0,0,0,0,0,0,0,0,0,0,0,0,0,0,0,
257,124,6,17,4,1,0,0,
14092,14096,15096,15092,0,0,0,0,0,0,
0,0,0,0,0,0,0,0,0,0,
0.,0.,0.,
0.,0.,0.,
0.,0.,0.,
0,0,0,0,0,0,0,0,0,0,0,0,0,0,0,0,
258,124,6,17,4,1,0,0,
14096,14102,15102,15096,0,0,0,0,0,0,
0,0,0,0,0,0,0,0,0,0,
0.,0.,0.,
0.,0.,0.,
0.,0.,0.,
0,0,0,0,0,0,0,0,0,0,0,0,0,0,0,0,
259,124,6,17,4,1,0,0,
14102,14114,15114,15102,0,0,0,0,0,0,
0,0,0,0,0,0,0,0,0,0,
0.,0.,0.,
0.,0.,0.,
0.,0.,0.,
0,0,0,0,0,0,0,0,0,0,0,0,0,0,0,0,
260,124,6,17,4,1,0,0,
14114,14118,15118,15114,0,0,0,0,0,0,
0,0,0,0,0,0,0,0,0,0,
0.,0.,0.,
0.,0.,0.,
0.,0.,0.,
0,0,0,0,0,0,0,0,0,0,0,0,0,0,0,0,
261,124,6,17,4,1,0,0,
14118,14128,14137,14134,0,0,0,0,0,0,
0,0,0,0,0,0,0,0,0,0,
0.,0.,0.,
0.,0.,0.,
0.,0.,0.,
0,0,0,0,0,0,0,0,0,0,0,0,0,0,0,0,
262,124,6,17,4,1,0,0,
14118,14134,15134,15118,0,0,0,0,0,0,
0,0,0,0,0,0,0,0,0,0,
0.,0.,0.,
0.,0.,0.,
0.,0.,0.,
0,0,0,0,0,0,0,0,0,0,0,0,0,0,0,0,
263,124,6,17,4,1,0,0,
14137,14136,15136,15137,0,0,0,0,0,0,
0,0,0,0,0,0,0,0,0,0,
0.,0.,0.,
0.,0.,0.,
0.,0.,0.,
0,0,0,0,0,0,0,0,0,0,0,0,0,0,0,0,
264,124,6,17,4,1,0,0,
14134,14137,15137,15134,0,0,0,0,0,0,
0,0,0,0,0,0,0,0,0,0,
0.,0.,0.,
0.,0.,0.,
0.,0.,0.,
0,0,0,0,0,0,0,0,0,0,0,0,0,0,0,0,
265,124,6,17,4,1,0,0,
15084,15086,16086,16084,0,0,0,0,0,0,
0,0,0,0,0,0,0,0,0,0,
0.,0.,0.,
0.,0.,0.,
0.,0.,0.,
0,0,0,0,0,0,0,0,0,0,0,0,0,0,0,0,
266,124,6,17,4,1,0,0,
15086,15092,16092,16086,0,0,0,0,0,0,
0,0,0,0,0,0,0,0,0,0,
0.,0.,0.,
0.,0.,0.,
0.,0.,0.,
0,0,0,0,0,0,0,0,0,0,0,0,0,0,0,0,
267,124,6,17,4,1,0,0,
15092,15096,16096,16092,0,0,0,0,0,0,
0,0,0,0,0,0,0,0,0,0,
0.,0.,0.,
0.,0.,0.,
0.,0.,0.,
0,0,0,0,0,0,0,0,0,0,0,0,0,0,0,0,
268,124,6,17,4,1,0,0,
15096,15102,16102,16096,0,0,0,0,0,0,
0,0,0,0,0,0,0,0,0,0,
0.,0.,0.,
0.,0.,0.,
0.,0.,0.,
0,0,0,0,0,0,0,0,0,0,0,0,0,0,0,0,
269,124,6,17,4,1,0,0,
15102,15114,16114,16102,0,0,0,0,0,0,
0,0,0,0,0,0,0,0,0,0,
0.,0.,0.,
0.,0.,0.,
0.,0.,0.,
0,0,0,0,0,0,0,0,0,0,0,0,0,0,0,0,
270,124,6,17,4,1,0,0,
15114,15118,16118,16114,0,0,0,0,0,0,
0,0,0,0,0,0,0,0,0,0,
0.,0.,0.,
0.,0.,0.,
0.,0.,0.,
0,0,0,0,0,0,0,0,0,0,0,0,0,0,0,0,
271,124,6,17,4,1,0,0,
15118,15134,16134,16118,0,0,0,0,0,0,
0,0,0,0,0,0,0,0,0,0,
0.,0.,0.,
0.,0.,0.,
0.,0.,0.,
0,0,0,0,0,0,0,0,0,0,0,0,0,0,0,0,
272,124,6,17,4,1,0,0,
15134,15137,16137,16134,0,0,0,0,0,0,
0,0,0,0,0,0,0,0,0,0,
0.,0.,0.,
0.,0.,0.,
0.,0.,0.,
0,0,0,0,0,0,0,0,0,0,0,0,0,0,0,0,
273,124,6,17,4,1,0,0,
15136,15144,15145,15137,0,0,0,0,0,0,
0,0,0,0,0,0,0,0,0,0,
0.,0.,0.,
0.,0.,0.,
0.,0.,0.,
0,0,0,0,0,0,0,0,0,0,0,0,0,0,0,0,
274,124,6,17,4,1,0,0,
15137,15145,16145,16137,0,0,0,0,0,0,
0,0,0,0,0,0,0,0,0,0,
0.,0.,0.,
0.,0.,0.,
0.,0.,0.,
0,0,0,0,0,0,0,0,0,0,0,0,0,0,0,0,
275,124,6,17,4,1,0,0,
16084,16086,17086,17084,0,0,0,0,0,0,
0,0,0,0,0,0,0,0,0,0,
0.,0.,0.,
0.,0.,0.,
0.,0.,0.,
0,0,0,0,0,0,0,0,0,0,0,0,0,0,0,0,
276,124,6,17,4,1,0,0,
16086,16092,17092,17086,0,0,0,0,0,0,
0,0,0,0,0,0,0,0,0,0,
0.,0.,0.,
0.,0.,0.,
0.,0.,0.,
0,0,0,0,0,0,0,0,0,0,0,0,0,0,0,0,
277,124,6,17,4,1,0,0,
16092,16096,17096,17092,0,0,0,0,0,0,
0,0,0,0,0,0,0,0,0,0,
0.,0.,0.,
0.,0.,0.,
0.,0.,0.,
0,0,0,0,0,0,0,0,0,0,0,0,0,0,0,0,
278,124,6,17,4,1,0,0,
16096,16102,17102,17096,0,0,0,0,0,0,
0,0,0,0,0,0,0,0,0,0,
0.,0.,0.,
0.,0.,0.,
0.,0.,0.,
0,0,0,0,0,0,0,0,0,0,0,0,0,0,0,0,
279,124,6,17,4,1,0,0,
16102,16114,17114,17102,0,0,0,0,0,0,
0,0,0,0,0,0,0,0,0,0,
0.,0.,0.,
0.,0.,0.,
0.,0.,0.,
0,0,0,0,0,0,0,0,0,0,0,0,0,0,0,0,
280,124,6,17,4,1,0,0,
16114,16118,17118,17114,0,0,0,0,0,0,
0,0,0,0,0,0,0,0,0,0,
0.,0.,0.,
0.,0.,0.,
0.,0.,0.,
0,0,0,0,0,0,0,0,0,0,0,0,0,0,0,0,
281,124,6,17,4,1,0,0,
16118,16134,17134,17118,0,0,0,0,0,0,
0,0,0,0,0,0,0,0,0,0,
0.,0.,0.,
0.,0.,0.,
0.,0.,0.,
0,0,0,0,0,0,0,0,0,0,0,0,0,0,0,0,
282,124,6,17,4,1,0,0,
16134,16137,17137,17134,0,0,0,0,0,0,
0,0,0,0,0,0,0,0,0,0,
0.,0.,0.,
0.,0.,0.,
0.,0.,0.,
0,0,0,0,0,0,0,0,0,0,0,0,0,0,0,0,
283,124,6,17,4,1,0,0,
16137,16145,17145,17137,0,0,0,0,0,0,
0,0,0,0,0,0,0,0,0,0,
0.,0.,0.,
0.,0.,0.,
0.,0.,0.,
0,0,0,0,0,0,0,0,0,0,0,0,0,0,0,0,
284,124,6,17,4,1,0,0,
15144,16144,16145,15145,0,0,0,0,0,0,
0,0,0,0,0,0,0,0,0,0,
0.,0.,0.,
0.,0.,0.,
0.,0.,0.,
0,0,0,0,0,0,0,0,0,0,0,0,0,0,0,0,
285,124,6,17,4,1,0,0,
16144,17144,17145,16145,0,0,0,0,0,0,
0,0,0,0,0,0,0,0,0,0,
0.,0.,0.,
0.,0.,0.,
0.,0.,0.,
0,0,0,0,0,0,0,0,0,0,0,0,0,0,0,0,
286,124,6,17,4,1,0,0,
17084,17086,18086,18084,0,0,0,0,0,0,
0,0,0,0,0,0,0,0,0,0,
0.,0.,0.,
0.,0.,0.,
0.,0.,0.,
0,0,0,0,0,0,0,0,0,0,0,0,0,0,0,0,
287,124,6,17,4,1,0,0,
17086,17092,18092,18086,0,0,0,0,0,0,
0,0,0,0,0,0,0,0,0,0,
0.,0.,0.,
0.,0.,0.,
0.,0.,0.,
0,0,0,0,0,0,0,0,0,0,0,0,0,0,0,0,
288,124,6,17,4,1,0,0,
17092,17096,18096,18092,0,0,0,0,0,0,
0,0,0,0,0,0,0,0,0,0,
0.,0.,0.,
0.,0.,0.,
0.,0.,0.,
0,0,0,0,0,0,0,0,0,0,0,0,0,0,0,0,
289,124,6,17,4,1,0,0,
17096,17102,18102,18096,0,0,0,0,0,0,
0,0,0,0,0,0,0,0,0,0,
0.,0.,0.,
0.,0.,0.,
0.,0.,0.,
0,0,0,0,0,0,0,0,0,0,0,0,0,0,0,0,
290,124,6,17,4,1,0,0,
17102,17114,18114,18102,0,0,0,0,0,0,
0,0,0,0,0,0,0,0,0,0,
0.,0.,0.,
0.,0.,0.,
0.,0.,0.,
0,0,0,0,0,0,0,0,0,0,0,0,0,0,0,0,
291,124,6,17,4,1,0,0,
17114,17118,18118,18114,0,0,0,0,0,0,
0,0,0,0,0,0,0,0,0,0,
0.,0.,0.,
0.,0.,0.,
0.,0.,0.,
0,0,0,0,0,0,0,0,0,0,0,0,0,0,0,0,
292,124,6,17,4,1,0,0,
17118,17134,18134,18118,0,0,0,0,0,0,
0,0,0,0,0,0,0,0,0,0,
0.,0.,0.,
0.,0.,0.,
0.,0.,0.,
0,0,0,0,0,0,0,0,0,0,0,0,0,0,0,0,
293,124,6,17,4,1,0,0,
17134,17137,18137,18134,0,0,0,0,0,0,
0,0,0,0,0,0,0,0,0,0,
0.,0.,0.,
0.,0.,0.,
0.,0.,0.,
0,0,0,0,0,0,0,0,0,0,0,0,0,0,0,0,
294,124,6,17,4,1,0,0,
17137,17145,18145,18137,0,0,0,0,0,0,
0,0,0,0,0,0,0,0,0,0,
0.,0.,0.,
0.,0.,0.,
0.,0.,0.,
0,0,0,0,0,0,0,0,0,0,0,0,0,0,0,0,
295,124,6,17,4,1,0,0,
17144,18144,18145,17145,0,0,0,0,0,0,
0,0,0,0,0,0,0,0,0,0,
0.,0.,0.,
0.,0.,0.,
0.,0.,0.,
0,0,0,0,0,0,0,0,0,0,0,0,0,0,0,0,
296,124,6,17,4,1,0,0,
9094,9090,9107,9111,0,0,0,0,0,0,
0,0,0,0,0,0,0,0,0,0,
0.,0.,0.,
0.,0.,0.,
0.,0.,0.,
0,0,0,0,0,0,0,0,0,0,0,0,0,0,0,0,
297,124,6,17,4,1,0,0,
9090,10090,10107,9107,0,0,0,0,0,0,
0,0,0,0,0,0,0,0,0,0,
0.,0.,0.,
0.,0.,0.,
0.,0.,0.,
0,0,0,0,0,0,0,0,0,0,0,0,0,0,0,0,
298,124,6,17,4,1,0,0,
10090,10082,10099,10107,0,0,0,0,0,0,
0,0,0,0,0,0,0,0,0,0,
0.,0.,0.,
0.,0.,0.,
0.,0.,0.,
0,0,0,0,0,0,0,0,0,0,0,0,0,0,0,0,
   -1
   -1
   403
   -1
   -1
   404
   -1
