<<<<<<< HEAD
\\192.168.12.103\\Users\hassan\Documents\Large Scale Test\FieldSources\results\version 20151113 152852\SPM\OneMesh\periodic\PHICOIL\transient\Igiven\circuit\refine 0\REGULARIZATION 1\release\output Result locations:	

Analysis date:
       Start at :                                    Thu Nov 19 18:55:52 2015
    Completed at:                                    Thu Nov 19 19:05:44 2015
=======
C:\Users\Me\Desktop\KameNetwork\output Result locations:	
Analysis date:	                                   Sat Nov 07 02:06:20 2015
>>>>>>> Shirakaba/master

Module version:             null


Node and element numbers:
Total number of nodes: 56
Total number of elements: 18


Number of iterations:
<<<<<<< HEAD
Total ICCG: 11742
Total Nonlinear: 58

Total time:	592.0
=======
Total ICCG: 20
Total Nonlinear: 0

Total time:	0.0
>>>>>>> Shirakaba/master

Comparison of results:


<<<<<<< HEAD
************************* Power Source Currents  (A)  *************************

           Step.No        Time(sec.)                 1                 2                 3
---------------------------------------------------------------------------
                 1        5.55555E-5     -1.32787e+000      2.82671e+000     -1.49884e+000
                 2        1.11111E-4     -1.23990e+000      2.82154e+000     -1.58164e+000
                 3       1.666665E-4     -1.15043e+000      2.81294e+000     -1.66251e+000
                 4        2.22222E-4     -1.05955e+000      2.80090e+000     -1.74136e+000
                 5       2.777775E-4     -9.67380e-001      2.78546e+000     -1.81808e+000
                 6        3.33333E-4     -8.74034e-001      2.76662e+000     -1.89259e+000
                 7       3.888885E-4     -7.79622e-001      2.74441e+000     -1.96479e+000
                 8        4.44444E-4     -6.84260e-001      2.71886e+000     -2.03460e+000
                 9       4.999995E-4     -5.88065e-001      2.69000e+000     -2.10193e+000
                10        5.55555E-4     -4.91153e-001      2.65786e+000     -2.16670e+000
                11       6.111105E-4     -3.93642e-001      2.62248e+000     -2.22883e+000
                12        6.66666E-4     -2.95653e-001      2.58390e+000     -2.28825e+000
                13       7.222215E-4     -1.97303e-001      2.54218e+000     -2.34487e+000
                14        7.77777E-4     -9.87122e-002      2.49736e+000     -2.39864e+000
                15       8.333325E-4     -1.48096e-006      2.44949e+000     -2.44949e+000
                16        8.88888E-4      9.87092e-002      2.39865e+000     -2.49735e+000
                17       9.444435E-4      1.97300e-001      2.34488e+000     -2.54218e+000
                18        9.99999E-4      2.95650e-001      2.28825e+000     -2.58390e+000
                19      0.0010555545      3.93640e-001      2.22883e+000     -2.62247e+000
                20        0.00111111      4.91150e-001      2.16670e+000     -2.65785e+000
---------------------------------------------------------------------------

************************* Power Source Volatges  (V)  *************************

           Step.No        Time(sec.)                 1                 2                 3
---------------------------------------------------------------------------
                 1        5.55555E-5     -5.47122e+001      1.03058e+005     -5.47619e+004
                 2        1.11111E-4      7.09272e+000      1.03005e+005     -5.77222e+004
                 3       1.666665E-4     -2.10731e+000      1.02662e+005     -6.06831e+004
                 4        2.22222E-4      1.22792e+000      1.02233e+005     -6.35576e+004
                 5       2.777775E-4     -1.41958e-002      1.01665e+005     -6.63592e+004
                 6        3.33333E-4      5.67529e-001      1.00979e+005     -6.90782e+004
                 7       3.888885E-4      3.07918e-001      1.00168e+005     -7.17138e+004
                 8        4.44444E-4      4.44971e-001      9.92354e+004     -7.42617e+004
                 9       4.999995E-4      3.90327e-001      9.81817e+004     -7.67193e+004
                10        5.55555E-4      4.27867e-001      9.70086e+004     -7.90833e+004
                11       6.111105E-4      4.19767e-001      9.57172e+004     -8.13510e+004
                12        6.66666E-4      4.33156e-001      9.43092e+004     -8.35195e+004
                13       7.222215E-4      4.35247e-001      9.27864e+004     -8.55864e+004
                14        7.77777E-4      4.42037e-001      9.11505e+004     -8.75489e+004
                15       8.333325E-4      4.45715e-001      8.94035e+004     -8.94048e+004
                16        8.88888E-4      4.50120e-001      8.75476e+004     -9.11517e+004
                17       9.444435E-4      4.53361e-001      8.55851e+004     -9.27877e+004
                18        9.99999E-4      4.56347e-001      8.35183e+004     -9.43105e+004
                19      0.0010555545      4.58626e-001      8.13497e+004     -9.57185e+004
                20        0.00111111      4.60418e-001      7.90820e+004     -9.70098e+004
---------------------------------------------------------------------------

*********************************** Field Source Currents  (A)  ***********************************

           Step.No        Time(sec.)                 1                 2                11                12                13
---------------------------------------------------------------------------------------------------------
                 1        5.55555E-5      1.00000e+000      1.00000e+000     -1.32787e+000      2.82671e+000     -1.49884e+000
                 2        1.11111E-4      1.00000e+000      1.00000e+000     -1.23990e+000      2.82154e+000     -1.58164e+000
                 3       1.666665E-4      1.00000e+000      1.00000e+000     -1.15043e+000      2.81294e+000     -1.66251e+000
                 4        2.22222E-4      1.00000e+000      1.00000e+000     -1.05955e+000      2.80090e+000     -1.74136e+000
                 5       2.777775E-4      1.00000e+000      1.00000e+000     -9.67380e-001      2.78546e+000     -1.81808e+000
                 6        3.33333E-4      1.00000e+000      1.00000e+000     -8.74034e-001      2.76662e+000     -1.89259e+000
                 7       3.888885E-4      1.00000e+000      1.00000e+000     -7.79622e-001      2.74441e+000     -1.96479e+000
                 8        4.44444E-4      1.00000e+000      1.00000e+000     -6.84260e-001      2.71886e+000     -2.03460e+000
                 9       4.999995E-4      1.00000e+000      1.00000e+000     -5.88065e-001      2.69000e+000     -2.10193e+000
                10        5.55555E-4      1.00000e+000      1.00000e+000     -4.91153e-001      2.65786e+000     -2.16670e+000
                11       6.111105E-4      1.00000e+000      1.00000e+000     -3.93642e-001      2.62248e+000     -2.22883e+000
                12        6.66666E-4      1.00000e+000      1.00000e+000     -2.95653e-001      2.58390e+000     -2.28825e+000
                13       7.222215E-4      1.00000e+000      1.00000e+000     -1.97303e-001      2.54218e+000     -2.34487e+000
                14        7.77777E-4      1.00000e+000      1.00000e+000     -9.87122e-002      2.49736e+000     -2.39864e+000
                15       8.333325E-4      1.00000e+000      1.00000e+000     -1.48096e-006      2.44949e+000     -2.44949e+000
                16        8.88888E-4      1.00000e+000      1.00000e+000      9.87092e-002      2.39865e+000     -2.49735e+000
                17       9.444435E-4      1.00000e+000      1.00000e+000      1.97300e-001      2.34488e+000     -2.54218e+000
                18        9.99999E-4      1.00000e+000      1.00000e+000      2.95650e-001      2.28825e+000     -2.58390e+000
                19      0.0010555545      1.00000e+000      1.00000e+000      3.93640e-001      2.22883e+000     -2.62247e+000
                20        0.00111111      1.00000e+000      1.00000e+000      4.91150e-001      2.16670e+000     -2.65785e+000
---------------------------------------------------------------------------------------------------------

************************* Field Source Volatges  (V)  *************************

           Step.No        Time(sec.)                11                12                13
---------------------------------------------------------------------------
                 1        5.55555E-5     -5.47122e+001      1.03058e+005     -5.47619e+004
                 2        1.11111E-4      7.09272e+000      1.03005e+005     -5.77222e+004
                 3       1.666665E-4     -2.10731e+000      1.02662e+005     -6.06831e+004
                 4        2.22222E-4      1.22792e+000      1.02233e+005     -6.35576e+004
                 5       2.777775E-4     -1.41958e-002      1.01665e+005     -6.63592e+004
                 6        3.33333E-4      5.67529e-001      1.00979e+005     -6.90782e+004
                 7       3.888885E-4      3.07918e-001      1.00168e+005     -7.17138e+004
                 8        4.44444E-4      4.44971e-001      9.92354e+004     -7.42617e+004
                 9       4.999995E-4      3.90327e-001      9.81817e+004     -7.67193e+004
                10        5.55555E-4      4.27867e-001      9.70086e+004     -7.90833e+004
                11       6.111105E-4      4.19767e-001      9.57172e+004     -8.13510e+004
                12        6.66666E-4      4.33156e-001      9.43092e+004     -8.35195e+004
                13       7.222215E-4      4.35247e-001      9.27864e+004     -8.55864e+004
                14        7.77777E-4      4.42037e-001      9.11505e+004     -8.75489e+004
                15       8.333325E-4      4.45715e-001      8.94035e+004     -8.94048e+004
                16        8.88888E-4      4.50120e-001      8.75476e+004     -9.11517e+004
                17       9.444435E-4      4.53361e-001      8.55851e+004     -9.27877e+004
                18        9.99999E-4      4.56347e-001      8.35183e+004     -9.43105e+004
                19      0.0010555545      4.58626e-001      8.13497e+004     -9.57185e+004
                20        0.00111111      4.60418e-001      7.90820e+004     -9.70098e+004
---------------------------------------------------------------------------

************************* Field Source Fluxes  (Wb) *************************

           Step.No        Time(sec.)                11                12                13
---------------------------------------------------------------------------
                 1        5.55555E-5     -7.29238e-003     -1.64029e-002     -7.33976e-003
                 2        1.11111E-4     -6.06540e-003     -1.25730e-002     -6.16658e-003
                 3       1.666665E-4     -6.49149e-003     -1.39303e-002     -6.64212e-003
                 4        2.22222E-4     -6.28766e-003     -1.33832e-002     -6.48923e-003
                 5       2.777775E-4     -6.34410e-003     -1.36301e-002     -6.59535e-003
                 6        3.33333E-4     -6.27924e-003     -1.35236e-002     -6.58040e-003
                 7       3.888885E-4     -6.27201e-003     -1.35798e-002     -6.62241e-003
                 8        4.44444E-4     -6.23697e-003     -1.35618e-002     -6.63635e-003
                 9       4.999995E-4     -6.21550e-003     -1.35794e-002     -6.66327e-003
                10        5.55555E-4     -6.18753e-003     -1.35815e-002     -6.68319e-003
                11       6.111105E-4     -6.16288e-003     -1.35920e-002     -6.70580e-003
                12        6.66666E-4     -6.13682e-003     -1.35995e-002     -6.72634e-003
                13       7.222215E-4     -6.11170e-003     -1.36096e-002     -6.74710e-003
                14        7.77777E-4     -6.08642e-003     -1.36195e-002     -6.76692e-003
                15       8.333325E-4     -6.06157e-003     -1.36304e-002     -6.78632e-003
                16        8.88888E-4     -6.03690e-003     -1.36419e-002     -6.80502e-003
                17       9.444435E-4     -6.01257e-003     -1.36541e-002     -6.82313e-003
                18        9.99999E-4     -5.98856e-003     -1.36670e-002     -6.84055e-003
                19      0.0010555545     -5.96492e-003     -1.36804e-002     -6.85730e-003
                20        0.00111111     -5.94167e-003     -1.36945e-002     -6.87334e-003
---------------------------------------------------------------------------

********************************************************************** Magnetic Energies  (J)  **********************************************************************

           Step.No        Time(sec.)                 1                 2                 3                 4                 5                11                12                13                14                21                24             Total
------------------------------------------------------------------------------------------------------------------------------------------------------------------------------------------------------------------
                 1        5.55555E-5       3.2434e-004       5.4262e-004       1.8605e-002       1.8605e-002       1.5571e-002       9.4396e-002       8.9151e-002       2.1803e-007       6.5430e-003       2.5064e-003       2.4134e-003       2.4866e-001
                 2        1.11111E-4       1.8082e-004       2.5007e-004      -9.1388e-002      -9.1388e-002       4.3092e-003       5.4787e-002       5.2788e-002       7.2419e-008       4.0336e-003       6.3748e-004       7.3700e-004      -6.5053e-002
                 3       1.666665E-4       2.1155e-004       2.8290e-004      -6.1796e-002      -6.1796e-002       8.7427e-003       6.7453e-002       6.4303e-002       1.4835e-007       4.8021e-003       9.8698e-004       1.3370e-003       2.4529e-002
                 4        2.22222E-4       1.9937e-004       2.6578e-004      -7.7780e-002      -7.7780e-002       6.4161e-003       6.1989e-002       5.9414e-002       1.2898e-007       4.4865e-003       8.1669e-004       1.0348e-003      -2.0938e-002
                 5       2.777775E-4       2.0413e-004       2.7116e-004      -7.1123e-002      -7.1123e-002       7.4823e-003       6.4399e-002       6.1567e-002       1.6687e-007       4.6239e-003       8.8845e-004       1.1720e-003      -1.6366e-003
                 6        3.33333E-4       2.0204e-004       2.6849e-004      -7.4384e-002      -7.4384e-002       6.9608e-003       6.3288e-002       6.0582e-002       1.8328e-007       4.5618e-003       8.5304e-004       1.1053e-003      -1.0947e-002
                 7       3.888885E-4       2.0303e-004       2.6968e-004      -7.2860e-002      -7.2860e-002       7.2091e-003       6.3818e-002       6.1054e-002       2.1708e-007       4.5916e-003       8.6894e-004       1.1369e-003      -6.5676e-003
                 8        4.44444E-4       2.0263e-004       2.6918e-004      -7.3568e-002      -7.3568e-002       7.0899e-003       6.3583e-002       6.0848e-002       2.4861e-007       4.5788e-003       8.6038e-004       1.1214e-003      -8.5818e-003
                 9       4.999995E-4       2.0289e-004       2.6950e-004      -7.3204e-002      -7.3204e-002       7.1478e-003       6.3711e-002       6.0964e-002       2.8735e-007       4.5862e-003       8.6352e-004       1.1286e-003      -7.5340e-003
                10        5.55555E-4       2.0285e-004       2.6944e-004      -7.3347e-002      -7.3347e-002       7.1208e-003       6.3669e-002       6.0930e-002       3.2837e-007       4.5843e-003       8.6091e-004       1.1248e-003      -7.9309e-003
                11       6.111105E-4       2.0296e-004       2.6958e-004      -7.3243e-002      -7.3243e-002       7.1347e-003       6.3710e-002       6.0969e-002       3.7382e-007       4.5870e-003       8.6099e-004       1.1263e-003      -7.6257e-003
                12        6.66666E-4       2.0300e-004       2.6963e-004      -7.3255e-002      -7.3255e-002       7.1290e-003       6.3713e-002       6.0976e-002       4.2236e-007       4.5876e-003       8.5966e-004       1.1252e-003      -7.6457e-003
                13       7.222215E-4       2.0308e-004       2.6973e-004      -7.3208e-002      -7.3208e-002       7.1329e-003       6.3736e-002       6.1000e-002       4.7430e-007       4.5894e-003       8.5891e-004       1.1254e-003      -7.4990e-003
                14        7.77777E-4       2.0316e-004       2.6982e-004      -7.3186e-002      -7.3186e-002       7.1322e-003       6.3752e-002       6.1018e-002       5.2916e-007       4.5907e-003       8.5778e-004       1.1248e-003      -7.4220e-003
                15       8.333325E-4       2.0324e-004       2.6993e-004      -7.3149e-002      -7.3149e-002       7.1338e-003       6.3773e-002       6.1042e-002       5.8682e-007       4.5924e-003       8.5674e-004       1.1246e-003      -7.3013e-003
                16        8.88888E-4       2.0333e-004       2.7003e-004      -7.3116e-002      -7.3116e-002       7.1343e-003       6.3793e-002       6.1064e-002       6.4694e-007       4.5941e-003       8.5558e-004       1.1241e-003      -7.1916e-003
                17       9.444435E-4       2.0342e-004       2.7015e-004      -7.3078e-002      -7.3078e-002       7.1354e-003       6.3816e-002       6.1089e-002       7.0929e-007       4.5960e-003       8.5439e-004       1.1237e-003      -7.0668e-003
                18        9.99999E-4       2.0352e-004       2.7027e-004      -7.3040e-002      -7.3040e-002       7.1363e-003       6.3839e-002       6.1115e-002       7.7357e-007       4.5979e-003       8.5314e-004       1.1232e-003      -6.9399e-003
                19      0.0010555545       2.0362e-004       2.7039e-004      -7.2999e-002      -7.2999e-002       7.1374e-003       6.3864e-002       6.1142e-002       8.3951e-007       4.5999e-003       8.5184e-004       1.1227e-003      -6.8047e-003
                20        0.00111111       2.0373e-004       2.7053e-004      -7.2956e-002      -7.2956e-002       7.1384e-003       6.3889e-002       6.1171e-002       9.0680e-007       4.6019e-003       8.5050e-004       1.1221e-003      -6.6645e-003
------------------------------------------------------------------------------------------------------------------------------------------------------------------------------------------------------------------

********************************************************************** Magnetic Co-energies  (J)  **********************************************************************

           Step.No        Time(sec.)                 1                 2                 3                 4                 5                11                12                13                14                21                24             Total
------------------------------------------------------------------------------------------------------------------------------------------------------------------------------------------------------------------
                 1        5.55555E-5       5.9736e-004       2.2382e-003       1.8605e-002       1.8605e-002       1.5571e-002       9.4396e-002       8.9151e-002       2.1803e-007       6.5430e-003       2.2406e-002       2.4134e-003       2.7053e-001
                 2        1.11111E-4       1.7434e-004       4.1347e-004      -9.1388e-002      -9.1388e-002       4.3092e-003       5.4787e-002       5.2788e-002       7.2419e-008       4.0336e-003       2.4853e-003       7.3700e-004      -6.3048e-002
                 3       1.666665E-4       2.3206e-004       6.3691e-004      -6.1796e-002      -6.1796e-002       8.7427e-003       6.7453e-002       6.4303e-002       1.4835e-007       4.8021e-003       6.2002e-003       1.3370e-003       3.0116e-002
                 4        2.22222E-4       2.0690e-004       5.0449e-004      -7.7780e-002      -7.7780e-002       6.4161e-003       6.1989e-002       5.9414e-002       1.2898e-007       4.4865e-003       4.4638e-003       1.0348e-003      -1.7045e-002
                 5       2.777775E-4       2.1634e-004       5.5220e-004      -7.1123e-002      -7.1123e-002       7.4823e-003       6.4399e-002       6.1567e-002       1.6687e-007       4.6239e-003       5.1902e-003       1.1720e-003       2.9583e-003
                 6        3.33333E-4       2.1212e-004       5.2839e-004      -7.4384e-002      -7.4384e-002       6.9608e-003       6.3288e-002       6.0582e-002       1.8328e-007       4.5618e-003       4.8330e-003       1.1053e-003      -6.6972e-003
                 7       3.888885E-4       2.1410e-004       5.3936e-004      -7.2860e-002      -7.2860e-002       7.2091e-003       6.3818e-002       6.1054e-002       2.1708e-007       4.5916e-003       4.9913e-003       1.1369e-003      -2.1646e-003
                 8        4.44444E-4       2.1329e-004       5.3436e-004      -7.3568e-002      -7.3568e-002       7.0899e-003       6.3583e-002       6.0848e-002       2.4861e-007       4.5788e-003       4.9000e-003       1.1214e-003      -4.2663e-003
                 9       4.999995E-4       2.1381e-004       5.3709e-004      -7.3204e-002      -7.3204e-002       7.1478e-003       6.3711e-002       6.0964e-002       2.8735e-007       4.5862e-003       4.9279e-003       1.1286e-003      -3.1911e-003
                10        5.55555E-4       2.1372e-004       5.3618e-004      -7.3347e-002      -7.3347e-002       7.1208e-003       6.3669e-002       6.0930e-002       3.2837e-007       4.5843e-003       4.8960e-003       1.1248e-003      -3.6182e-003
                11       6.111105E-4       2.1394e-004       5.3708e-004      -7.3243e-002      -7.3243e-002       7.1347e-003       6.3710e-002       6.0969e-002       3.7382e-007       4.5870e-003       4.8913e-003       1.1263e-003      -3.3169e-003
                12        6.66666E-4       2.1403e-004       5.3714e-004      -7.3255e-002      -7.3255e-002       7.1290e-003       6.3713e-002       6.0976e-002       4.2236e-007       4.5876e-003       4.8715e-003       1.1252e-003      -3.3553e-003
                13       7.222215E-4       2.1419e-004       5.3765e-004      -7.3208e-002      -7.3208e-002       7.1329e-003       6.3736e-002       6.1000e-002       4.7430e-007       4.5894e-003       4.8573e-003       1.1254e-003      -3.2216e-003
                14        7.77777E-4       2.1434e-004       5.3799e-004      -7.3186e-002      -7.3186e-002       7.1322e-003       6.3752e-002       6.1018e-002       5.2916e-007       4.5907e-003       4.8386e-003       1.1248e-003      -3.1619e-003
                15       8.333325E-4       2.1451e-004       5.3844e-004      -7.3149e-002      -7.3149e-002       7.1338e-003       6.3773e-002       6.1042e-002       5.8682e-007       4.5924e-003       4.8203e-003       1.1246e-003      -3.0579e-003
                16        8.88888E-4       2.1468e-004       5.3888e-004      -7.3116e-002      -7.3116e-002       7.1343e-003       6.3793e-002       6.1064e-002       6.4694e-007       4.5941e-003       4.8001e-003       1.1241e-003      -2.9669e-003
                17       9.444435E-4       2.1487e-004       5.3937e-004      -7.3078e-002      -7.3078e-002       7.1354e-003       6.3816e-002       6.1089e-002       7.0929e-007       4.5960e-003       4.7791e-003       1.1237e-003      -2.8615e-003
                18        9.99999E-4       2.1506e-004       5.3987e-004      -7.3040e-002      -7.3040e-002       7.1363e-003       6.3839e-002       6.1115e-002       7.7357e-007       4.5979e-003       4.7567e-003       1.1232e-003      -2.7551e-003
                19      0.0010555545       2.1527e-004       5.4040e-004      -7.2999e-002      -7.2999e-002       7.1374e-003       6.3864e-002       6.1142e-002       8.3951e-007       4.5999e-003       4.7334e-003       1.1227e-003      -2.6415e-003
                20        0.00111111       2.1549e-004       5.4095e-004      -7.2956e-002      -7.2956e-002       7.1384e-003       6.3889e-002       6.1171e-002       9.0680e-007       4.6019e-003       4.7090e-003       1.1221e-003      -2.5239e-003
------------------------------------------------------------------------------------------------------------------------------------------------------------------------------------------------------------------

********************************************************************** Magnetic Ave.energies  (J)  **********************************************************************

           Step.No        Time(sec.)                 1                 2                 3                 4                 5                11                12                13                14                21                24             Total
------------------------------------------------------------------------------------------------------------------------------------------------------------------------------------------------------------------
                 1        5.55555E-5       4.6085e-004       1.3904e-003       1.8605e-002       1.8605e-002       1.5571e-002       9.4396e-002       8.9151e-002       2.1803e-007       6.5430e-003       1.2456e-002       2.4134e-003       2.5959e-001
                 2        1.11111E-4       1.7758e-004       3.3177e-004      -9.1388e-002      -9.1388e-002       4.3092e-003       5.4787e-002       5.2788e-002       7.2419e-008       4.0336e-003       1.5614e-003       7.3700e-004      -6.4050e-002
                 3       1.666665E-4       2.2181e-004       4.5990e-004      -6.1796e-002      -6.1796e-002       8.7427e-003       6.7453e-002       6.4303e-002       1.4835e-007       4.8021e-003       3.5936e-003       1.3370e-003       2.7322e-002
                 4        2.22222E-4       2.0314e-004       3.8513e-004      -7.7780e-002      -7.7780e-002       6.4161e-003       6.1989e-002       5.9414e-002       1.2898e-007       4.4865e-003       2.6403e-003       1.0348e-003      -1.8992e-002
                 5       2.777775E-4       2.1023e-004       4.1168e-004      -7.1123e-002      -7.1123e-002       7.4823e-003       6.4399e-002       6.1567e-002       1.6687e-007       4.6239e-003       3.0393e-003       1.1720e-003       6.6086e-004
                 6        3.33333E-4       2.0708e-004       3.9844e-004      -7.4384e-002      -7.4384e-002       6.9608e-003       6.3288e-002       6.0582e-002       1.8328e-007       4.5618e-003       2.8430e-003       1.1053e-003      -8.8221e-003
                 7       3.888885E-4       2.0856e-004       4.0452e-004      -7.2860e-002      -7.2860e-002       7.2091e-003       6.3818e-002       6.1054e-002       2.1708e-007       4.5916e-003       2.9301e-003       1.1369e-003      -4.3661e-003
                 8        4.44444E-4       2.0796e-004       4.0177e-004      -7.3568e-002      -7.3568e-002       7.0899e-003       6.3583e-002       6.0848e-002       2.4861e-007       4.5788e-003       2.8802e-003       1.1214e-003      -6.4240e-003
                 9       4.999995E-4       2.0835e-004       4.0330e-004      -7.3204e-002      -7.3204e-002       7.1478e-003       6.3711e-002       6.0964e-002       2.8735e-007       4.5862e-003       2.8957e-003       1.1286e-003      -5.3626e-003
                10        5.55555E-4       2.0828e-004       4.0281e-004      -7.3347e-002      -7.3347e-002       7.1208e-003       6.3669e-002       6.0930e-002       3.2837e-007       4.5843e-003       2.8785e-003       1.1248e-003      -5.7746e-003
                11       6.111105E-4       2.0845e-004       4.0333e-004      -7.3243e-002      -7.3243e-002       7.1347e-003       6.3710e-002       6.0969e-002       3.7382e-007       4.5870e-003       2.8762e-003       1.1263e-003      -5.4713e-003
                12        6.66666E-4       2.0851e-004       4.0339e-004      -7.3255e-002      -7.3255e-002       7.1290e-003       6.3713e-002       6.0976e-002       4.2236e-007       4.5876e-003       2.8656e-003       1.1252e-003      -5.5005e-003
                13       7.222215E-4       2.0864e-004       4.0369e-004      -7.3208e-002      -7.3208e-002       7.1329e-003       6.3736e-002       6.1000e-002       4.7430e-007       4.5894e-003       2.8581e-003       1.1254e-003      -5.3603e-003
                14        7.77777E-4       2.0875e-004       4.0390e-004      -7.3186e-002      -7.3186e-002       7.1322e-003       6.3752e-002       6.1018e-002       5.2916e-007       4.5907e-003       2.8482e-003       1.1248e-003      -5.2920e-003
                15       8.333325E-4       2.0887e-004       4.0419e-004      -7.3149e-002      -7.3149e-002       7.1338e-003       6.3773e-002       6.1042e-002       5.8682e-007       4.5924e-003       2.8385e-003       1.1246e-003      -5.1796e-003
                16        8.88888E-4       2.0900e-004       4.0446e-004      -7.3116e-002      -7.3116e-002       7.1343e-003       6.3793e-002       6.1064e-002       6.4694e-007       4.5941e-003       2.8278e-003       1.1241e-003      -5.0793e-003
                17       9.444435E-4       2.0914e-004       4.0476e-004      -7.3078e-002      -7.3078e-002       7.1354e-003       6.3816e-002       6.1089e-002       7.0929e-007       4.5960e-003       2.8167e-003       1.1237e-003      -4.9642e-003
                18        9.99999E-4       2.0929e-004       4.0507e-004      -7.3040e-002      -7.3040e-002       7.1363e-003       6.3839e-002       6.1115e-002       7.7357e-007       4.5979e-003       2.8049e-003       1.1232e-003      -4.8475e-003
                19      0.0010555545       2.0945e-004       4.0540e-004      -7.2999e-002      -7.2999e-002       7.1374e-003       6.3864e-002       6.1142e-002       8.3951e-007       4.5999e-003       2.7926e-003       1.1227e-003      -4.7231e-003
                20        0.00111111       2.0961e-004       4.0574e-004      -7.2956e-002      -7.2956e-002       7.1384e-003       6.3889e-002       6.1171e-002       9.0680e-007       4.6019e-003       2.7797e-003       1.1221e-003      -4.5942e-003
------------------------------------------------------------------------------------------------------------------------------------------------------------------------------------------------------------------

************************* Heats  (J)  *************************

           Step.No        Time(sec.)             Heat3             Heat4         HeatTotal
---------------------------------------------------------------------------
                 1        5.55555E-5       4.8242e+002       4.8242e+002       9.6484e+002
                 2        1.11111E-4       9.5142e+000       9.5142e+000       1.9028e+001
                 3       1.666665E-4       7.4053e-001       7.4053e-001       1.4811e+000
                 4        2.22222E-4       1.0675e-001       1.0675e-001       2.1350e-001
                 5       2.777775E-4       2.0658e-002       2.0658e-002       4.1317e-002
                 6        3.33333E-4       4.2237e-003       4.2237e-003       8.4475e-003
                 7       3.888885E-4       1.1162e-003       1.1162e-003       2.2323e-003
                 8        4.44444E-4       3.8234e-004       3.8234e-004       7.6467e-004
                 9       4.999995E-4       2.6929e-004       2.6930e-004       5.3859e-004
                10        5.55555E-4       2.2245e-004       2.2245e-004       4.4490e-004
                11       6.111105E-4       2.2125e-004       2.2123e-004       4.4248e-004
                12        6.66666E-4       2.1423e-004       2.1424e-004       4.2848e-004
                13       7.222215E-4       2.1345e-004       2.1346e-004       4.2690e-004
                14        7.77777E-4       2.1023e-004       2.1023e-004       4.2047e-004
                15       8.333325E-4       2.0823e-004       2.0823e-004       4.1646e-004
                16        8.88888E-4       2.0558e-004       2.0558e-004       4.1116e-004
                17       9.444435E-4       2.0313e-004       2.0313e-004       4.0627e-004
                18        9.99999E-4       2.0048e-004       2.0048e-004       4.0096e-004
                19      0.0010555545       1.9784e-004       1.9784e-004       3.9567e-004
                20        0.00111111       1.9513e-004       1.9513e-004       3.9026e-004
---------------------------------------------------------------------------
=======
********************   Power Sources Currents (A)  ********************

           Step.No        Time(sec.)                 1                 2
------------------------------------------------------------
                 1               1.0      1.00000e+004      5.00000e+003
                 2               2.0      2.00000e+004      5.09510e+003
                 3               3.0      3.00000e+004      9.90852e+003
------------------------------------------------------------

********************   Power Sources Volatges (V)  ********************

           Step.No        Time(sec.)                 1                 2
------------------------------------------------------------
                 1               1.0      1.41018e-002      0.00000e+000
                 2               2.0      4.16180e-002      0.00000e+000
                 3               3.0      5.60227e-002      0.00000e+000
------------------------------------------------------------

********************   Field Sources Currents (A)  ********************

           Step.No        Time(sec.)                 1                 2
------------------------------------------------------------
                 1               1.0      5.00000e+003      5.00000e+003
                 2               2.0      1.49049e+004      5.09510e+003
                 3               3.0      2.00915e+004      9.90852e+003
------------------------------------------------------------

********************   Field Sources Volatges (V)  ********************

           Step.No        Time(sec.)                 1                 2
------------------------------------------------------------
                 1               1.0      1.41018e-002      1.39698e-002
                 2               2.0      4.16180e-002      1.42314e-002
                 3               3.0      5.60227e-002      2.76044e-002
------------------------------------------------------------

********************   Field Sources Fluxes (Wb) ********************

           Step.No        Time(sec.)                 1                 2
------------------------------------------------------------
                 1               1.0      1.46913e-004      1.46913e-004
                 2               2.0      4.25905e-004      1.61747e-004
                 3               3.0      5.77842e-004      3.03636e-004
------------------------------------------------------------
>>>>>>> Shirakaba/master
