\\192.168.12.103\\Users\hassan\Documents\Large Scale Test\FieldSources\results\version 20151113 152852\SPM\OneMesh\periodic\PHICOIL\transient\Igiven\circuit\refine 0\REGULARIZATION 1\MPI para 8\output Result locations:	

Analysis date:
       Start at :                                    Fri Nov 20 09:06:54 2015
    Completed at:                                    Fri Nov 20 09:14:17 2015

Module version:  r4.2.2/20151113152852


Module version:                0


Node and element numbers:
Total number of nodes: 14378
Total number of elements: 13003


Number of iterations:
Total ICCG: 22425
Total Nonlinear: 67

Total time:	443.0

Comparison of results:


************************* Power Source Currents  (A)  *************************

           Step.No        Time(sec.)                 1                 2                 3
---------------------------------------------------------------------------
                 1        5.55555E-5     -1.32787e+000      2.82671e+000     -1.49884e+000
                 2        1.11111E-4     -1.23990e+000      2.82154e+000     -1.58164e+000
                 3       1.666665E-4     -1.15043e+000      2.81294e+000     -1.66251e+000
                 4        2.22222E-4     -1.05955e+000      2.80090e+000     -1.74136e+000
                 5       2.777775E-4     -9.67380e-001      2.78546e+000     -1.81808e+000
                 6        3.33333E-4     -8.74034e-001      2.76662e+000     -1.89259e+000
                 7       3.888885E-4     -7.79622e-001      2.74441e+000     -1.96479e+000
                 8        4.44444E-4     -6.84260e-001      2.71886e+000     -2.03460e+000
                 9       4.999995E-4     -5.88065e-001      2.69000e+000     -2.10193e+000
                10        5.55555E-4     -4.91153e-001      2.65786e+000     -2.16670e+000
                11       6.111105E-4     -3.93642e-001      2.62248e+000     -2.22883e+000
                12        6.66666E-4     -2.95653e-001      2.58390e+000     -2.28825e+000
                13       7.222215E-4     -1.97303e-001      2.54218e+000     -2.34487e+000
                14        7.77777E-4     -9.87122e-002      2.49736e+000     -2.39864e+000
                15       8.333325E-4     -1.48096e-006      2.44949e+000     -2.44949e+000
                16        8.88888E-4      9.87092e-002      2.39865e+000     -2.49735e+000
                17       9.444435E-4      1.97300e-001      2.34488e+000     -2.54218e+000
                18        9.99999E-4      2.95650e-001      2.28825e+000     -2.58390e+000
                19      0.0010555545      3.93640e-001      2.22883e+000     -2.62247e+000
                20        0.00111111      4.91150e-001      2.16670e+000     -2.65785e+000
---------------------------------------------------------------------------

************************* Power Source Volatges  (V)  *************************

           Step.No        Time(sec.)                 1                 2                 3
---------------------------------------------------------------------------
                 1        5.55555E-5     -1.01552e+000      1.03176e+005     -5.47082e+004
                 2        1.11111E-4      1.13158e+000      1.02981e+005     -5.77282e+004
                 3       1.666665E-4     -3.55472e-002      1.02670e+005     -6.06811e+004
                 4        2.22222E-4      5.73844e-001      1.02229e+005     -6.35583e+004
                 5       2.777775E-4      2.85916e-001      1.01666e+005     -6.63589e+004
                 6        3.33333E-4      4.44254e-001      1.00978e+005     -6.90783e+004
                 7       3.888885E-4      3.80327e-001      1.00168e+005     -7.17138e+004
                 8        4.44444E-4      4.25957e-001      9.92352e+004     -7.42617e+004
                 9       4.999995E-4      4.16433e-001      9.81817e+004     -7.67192e+004
                10        5.55555E-4      4.33520e-001      9.70085e+004     -7.90833e+004
                11       6.111105E-4      4.36611e-001      9.57172e+004     -8.13510e+004
                12        6.66666E-4      4.45884e-001      9.43092e+004     -8.35195e+004
                13       7.222215E-4      4.51297e-001      9.27864e+004     -8.55864e+004
                14        7.77777E-4      4.57826e-001      9.11505e+004     -8.75489e+004
                15       8.333325E-4      4.62980e-001      8.94035e+004     -8.94048e+004
                16        8.88888E-4      4.67983e-001      8.75476e+004     -9.11517e+004
                17       9.444435E-4      4.72214e-001      8.55851e+004     -9.27876e+004
                18        9.99999E-4      4.75976e-001      8.35183e+004     -9.43105e+004
                19      0.0010555545      4.79110e-001      8.13497e+004     -9.57184e+004
                20        0.00111111      4.81690e-001      7.90820e+004     -9.70098e+004
---------------------------------------------------------------------------

*********************************** Field Source Currents  (A)  ***********************************

           Step.No        Time(sec.)                 1                 2                11                12                13
---------------------------------------------------------------------------------------------------------
                 1        5.55555E-5      1.00000e+000      1.00000e+000     -1.32787e+000      2.82671e+000     -1.49884e+000
                 2        1.11111E-4      1.00000e+000      1.00000e+000     -1.23990e+000      2.82154e+000     -1.58164e+000
                 3       1.666665E-4      1.00000e+000      1.00000e+000     -1.15043e+000      2.81294e+000     -1.66251e+000
                 4        2.22222E-4      1.00000e+000      1.00000e+000     -1.05955e+000      2.80090e+000     -1.74136e+000
                 5       2.777775E-4      1.00000e+000      1.00000e+000     -9.67380e-001      2.78546e+000     -1.81808e+000
                 6        3.33333E-4      1.00000e+000      1.00000e+000     -8.74034e-001      2.76662e+000     -1.89259e+000
                 7       3.888885E-4      1.00000e+000      1.00000e+000     -7.79622e-001      2.74441e+000     -1.96479e+000
                 8        4.44444E-4      1.00000e+000      1.00000e+000     -6.84260e-001      2.71886e+000     -2.03460e+000
                 9       4.999995E-4      1.00000e+000      1.00000e+000     -5.88065e-001      2.69000e+000     -2.10193e+000
                10        5.55555E-4      1.00000e+000      1.00000e+000     -4.91153e-001      2.65786e+000     -2.16670e+000
                11       6.111105E-4      1.00000e+000      1.00000e+000     -3.93642e-001      2.62248e+000     -2.22883e+000
                12        6.66666E-4      1.00000e+000      1.00000e+000     -2.95653e-001      2.58390e+000     -2.28825e+000
                13       7.222215E-4      1.00000e+000      1.00000e+000     -1.97303e-001      2.54218e+000     -2.34487e+000
                14        7.77777E-4      1.00000e+000      1.00000e+000     -9.87122e-002      2.49736e+000     -2.39864e+000
                15       8.333325E-4      1.00000e+000      1.00000e+000     -1.48096e-006      2.44949e+000     -2.44949e+000
                16        8.88888E-4      1.00000e+000      1.00000e+000      9.87092e-002      2.39865e+000     -2.49735e+000
                17       9.444435E-4      1.00000e+000      1.00000e+000      1.97300e-001      2.34488e+000     -2.54218e+000
                18        9.99999E-4      1.00000e+000      1.00000e+000      2.95650e-001      2.28825e+000     -2.58390e+000
                19      0.0010555545      1.00000e+000      1.00000e+000      3.93640e-001      2.22883e+000     -2.62247e+000
                20        0.00111111      1.00000e+000      1.00000e+000      4.91150e-001      2.16670e+000     -2.65785e+000
---------------------------------------------------------------------------------------------------------

************************* Field Source Volatges  (V)  *************************

           Step.No        Time(sec.)                11                12                13
---------------------------------------------------------------------------
                 1        5.55555E-5     -1.01552e+000      1.03176e+005     -5.47082e+004
                 2        1.11111E-4      1.13158e+000      1.02981e+005     -5.77282e+004
                 3       1.666665E-4     -3.55472e-002      1.02670e+005     -6.06811e+004
                 4        2.22222E-4      5.73844e-001      1.02229e+005     -6.35583e+004
                 5       2.777775E-4      2.85916e-001      1.01666e+005     -6.63589e+004
                 6        3.33333E-4      4.44254e-001      1.00978e+005     -6.90783e+004
                 7       3.888885E-4      3.80327e-001      1.00168e+005     -7.17138e+004
                 8        4.44444E-4      4.25957e-001      9.92352e+004     -7.42617e+004
                 9       4.999995E-4      4.16433e-001      9.81817e+004     -7.67192e+004
                10        5.55555E-4      4.33520e-001      9.70085e+004     -7.90833e+004
                11       6.111105E-4      4.36611e-001      9.57172e+004     -8.13510e+004
                12        6.66666E-4      4.45884e-001      9.43092e+004     -8.35195e+004
                13       7.222215E-4      4.51297e-001      9.27864e+004     -8.55864e+004
                14        7.77777E-4      4.57826e-001      9.11505e+004     -8.75489e+004
                15       8.333325E-4      4.62980e-001      8.94035e+004     -8.94048e+004
                16        8.88888E-4      4.67983e-001      8.75476e+004     -9.11517e+004
                17       9.444435E-4      4.72214e-001      8.55851e+004     -9.27876e+004
                18        9.99999E-4      4.75976e-001      8.35183e+004     -9.43105e+004
                19      0.0010555545      4.79110e-001      8.13497e+004     -9.57184e+004
                20        0.00111111      4.81690e-001      7.90820e+004     -9.70098e+004
---------------------------------------------------------------------------

************************* Field Source Fluxes  (Wb) *************************

           Step.No        Time(sec.)                11                12                13
---------------------------------------------------------------------------
                 1        5.55555E-5     -2.99945e-004      9.20766e-004     -3.50140e-004
                 2        1.11111E-4     -9.91144e-005      4.87529e-004     -2.00510e-004
                 3       1.666665E-4     -1.61402e-004      6.96780e-004     -3.13532e-004
                 4        2.22222E-4     -9.11766e-005      5.89599e-004     -2.93952e-004
                 5       2.777775E-4     -8.66934e-005      6.38079e-004     -3.39846e-004
                 6        3.33333E-4     -4.94121e-005      6.08072e-004     -3.52629e-004
                 7       3.888885E-4     -2.83005e-005      6.15993e-004     -3.81219e-004
                 8        4.44444E-4      9.02359e-007      6.03910e-004     -4.01279e-004
                 9       4.999995E-4      2.60986e-005      6.00684e-004     -4.24857e-004
                10        5.55555E-4      5.32492e-005      5.91950e-004     -4.45923e-004
                11       6.111105E-4      7.93426e-005      5.84879e-004     -4.67436e-004
                12        6.66666E-4      1.05829e-004      5.75911e-004     -4.87885e-004
                13       7.222215E-4      1.31940e-004      5.66834e-004     -5.07985e-004
                14        7.77777E-4      1.58012e-004      5.56773e-004     -5.27343e-004
                15       8.333325E-4      1.83830e-004      5.46180e-004     -5.46119e-004
                16        8.88888E-4      2.09454e-004      5.34849e-004     -5.64199e-004
                17       9.444435E-4      2.34808e-004      5.22903e-004     -5.81606e-004
                18        9.99999E-4      2.59883e-004      5.10301e-004     -5.98297e-004
                19      0.0010555545      2.84639e-004      4.97087e-004     -6.14263e-004
                20        0.00111111      3.09050e-004      4.83262e-004     -6.29479e-004
---------------------------------------------------------------------------

********************************************************************** Magnetic Energies  (J)  **********************************************************************

           Step.No        Time(sec.)                 1                 2                 3                 4                 5                11                12                13                14                21                24             Total
------------------------------------------------------------------------------------------------------------------------------------------------------------------------------------------------------------------
                 1        5.55555E-5       7.6401e-008       1.5533e-007       6.7825e-005       6.7826e-005       5.2224e-005       1.0340e-004       1.9273e-004       6.5413e-007       2.0429e-004       9.5393e-006       1.3866e-005       7.1259e-004
                 2        1.11111E-4       4.6962e-008       9.2962e-008       2.4758e-005       2.4758e-005       1.2816e-005       2.7680e-005       5.0233e-005       1.7209e-007       5.1170e-005       2.7077e-006       3.5650e-006       1.9800e-004
                 3       1.666665E-4       5.8541e-008       1.1476e-007       4.1450e-005       4.1450e-005       2.9327e-005       5.8816e-005       1.0898e-004       3.8561e-007       1.1474e-004       5.6619e-006       8.0663e-006       4.0905e-004
                 4        2.22222E-4       5.7907e-008       1.1336e-007       3.3998e-005       3.3998e-005       2.0387e-005       4.2228e-005       7.7320e-005       2.8907e-007       7.9917e-005       4.0839e-006       5.9251e-006       2.9832e-004
                 5       2.777775E-4       6.3896e-008       1.2351e-007       3.8510e-005       3.8510e-005       2.4837e-005       5.0365e-005       9.2590e-005       3.6071e-007       9.6499e-005       4.8322e-006       7.3624e-006       3.5405e-004
                 6        3.33333E-4       6.8287e-008       1.3125e-007       3.7835e-005       3.7835e-005       2.2820e-005       4.6673e-005       8.5281e-005       3.5662e-007       8.8122e-005       4.4490e-006       7.1565e-006       3.3073e-004
                 7       3.888885E-4       7.4732e-008       1.4218e-007       3.9887e-005       3.9887e-005       2.4106e-005       4.8954e-005       8.9332e-005       3.9649e-007       9.2306e-005       4.6290e-006       7.8737e-006       3.4759e-004
                 8        4.44444E-4       8.1492e-008       1.5388e-007       4.0924e-005       4.0925e-005       2.3806e-005       4.8383e-005       8.7881e-005       4.2034e-007       9.0306e-005       4.5313e-006       8.2273e-006       3.4564e-004
                 9       4.999995E-4       8.9345e-008       1.6726e-007       4.2692e-005       4.2692e-005       2.4338e-005       4.9290e-005       8.9222e-005       4.5762e-007       9.1391e-005       4.5702e-006       8.8508e-006       3.5376e-004
                10        5.55555E-4       9.7866e-008       1.8184e-007       4.4357e-005       4.4357e-005       2.4500e-005       4.9538e-005       8.9257e-005       4.9348e-007       9.0962e-005       4.5416e-006       9.4257e-006       3.5771e-004
                11       6.111105E-4       1.0720e-007       1.9772e-007       4.6299e-005       4.6299e-005       2.4884e-005       5.0174e-005       8.9999e-005       5.3500e-007       9.1292e-005       4.5463e-006       1.0105e-005       3.6444e-004
                12        6.66666E-4       1.1720e-007       2.1471e-007       4.8324e-005       4.8325e-005       2.5194e-005       5.0680e-005       9.0454e-005       5.7840e-007       9.1257e-005       4.5352e-006       1.0809e-005       3.7049e-004
                13       7.222215E-4       1.2787e-007       2.3277e-007       5.0511e-005       5.0511e-005       2.5575e-005       5.1305e-005       9.1105e-005       6.2522e-007       9.1411e-005       4.5328e-006       1.1571e-005       3.7751e-004
                14        7.77777E-4       1.3913e-007       2.5178e-007       5.2807e-005       5.2807e-005       2.5953e-005       5.1923e-005       9.1712e-005       6.7437e-007       9.1479e-005       4.5273e-006       1.2370e-005       3.8464e-004
                15       8.333325E-4       1.5090e-007       2.7166e-007       5.5221e-005       5.5221e-005       2.6361e-005       5.2591e-005       9.2387e-005       7.2605e-007       9.1596e-005       4.5246e-006       1.3210e-005       3.9226e-004
                16        8.88888E-4       1.6309e-007       2.9231e-007       5.7731e-005       5.7731e-005       2.6780e-005       5.3277e-005       9.3070e-005       7.7978e-007       9.1695e-005       4.5220e-006       1.4083e-005       4.0012e-004
                17       9.444435E-4       1.7558e-007       3.1369e-007       6.0330e-005       6.0330e-005       2.7216e-005       5.3991e-005       9.3785e-005       8.3541e-007       9.1807e-005       4.5210e-006       1.4987e-005       4.0829e-004
                18        9.99999E-4       1.8825e-007       3.3572e-007       6.3003e-005       6.3003e-005       2.7663e-005       5.4723e-005       9.4517e-005       8.9262e-007       9.1917e-005       4.5209e-006       1.5917e-005       4.1668e-004
                19      0.0010555545       2.0091e-007       3.5838e-007       6.5737e-005       6.5738e-005       2.8122e-005       5.5472e-005       9.5266e-005       9.5115e-007       9.2032e-005       4.5222e-006       1.6868e-005       4.2527e-004
                20        0.00111111       2.1337e-007       3.8165e-007       6.8521e-005       6.8521e-005       2.8588e-005       5.6234e-005       9.6028e-005       1.0107e-006       9.2146e-005       4.5246e-006       1.7835e-005       4.3400e-004
------------------------------------------------------------------------------------------------------------------------------------------------------------------------------------------------------------------

********************************************************************** Magnetic Co-energies  (J)  **********************************************************************

           Step.No        Time(sec.)                 1                 2                 3                 4                 5                11                12                13                14                21                24             Total
------------------------------------------------------------------------------------------------------------------------------------------------------------------------------------------------------------------
                 1        5.55555E-5       7.6401e-008       1.5183e-007       6.7825e-005       6.7826e-005       5.2224e-005       1.0340e-004       1.9273e-004       6.5413e-007       2.0429e-004       7.4654e-006       1.3866e-005       7.1051e-004
                 2        1.11111E-4       4.6962e-008       9.2962e-008       2.4758e-005       2.4758e-005       1.2816e-005       2.7680e-005       5.0233e-005       1.7209e-007       5.1170e-005       2.5418e-006       3.5650e-006       1.9783e-004
                 3       1.666665E-4       5.8541e-008       1.1471e-007       4.1450e-005       4.1450e-005       2.9327e-005       5.8816e-005       1.0898e-004       3.8561e-007       1.1474e-004       4.8168e-006       8.0663e-006       4.0821e-004
                 4        2.22222E-4       5.7907e-008       1.1336e-007       3.3998e-005       3.3998e-005       2.0387e-005       4.2228e-005       7.7320e-005       2.8907e-007       7.9917e-005       3.6229e-006       5.9251e-006       2.9786e-004
                 5       2.777775E-4       6.3896e-008       1.2345e-007       3.8510e-005       3.8510e-005       2.4837e-005       5.0365e-005       9.2590e-005       3.6071e-007       9.6499e-005       4.1954e-006       7.3624e-006       3.5342e-004
                 6        3.33333E-4       6.8287e-008       1.3118e-007       3.7835e-005       3.7835e-005       2.2820e-005       4.6673e-005       8.5281e-005       3.5662e-007       8.8122e-005       3.9037e-006       7.1565e-006       3.3018e-004
                 7       3.888885E-4       7.4732e-008       1.4199e-007       3.9887e-005       3.9887e-005       2.4106e-005       4.8954e-005       8.9332e-005       3.9649e-007       9.2306e-005       4.0407e-006       7.8737e-006       3.4700e-004
                 8        4.44444E-4       8.1490e-008       1.5355e-007       4.0924e-005       4.0925e-005       2.3806e-005       4.8383e-005       8.7881e-005       4.2034e-007       9.0306e-005       3.9649e-006       8.2273e-006       3.4507e-004
                 9       4.999995E-4       8.9332e-008       1.6658e-007       4.2692e-005       4.2692e-005       2.4338e-005       4.9290e-005       8.9222e-005       4.5762e-007       9.1391e-005       3.9918e-006       8.8508e-006       3.5318e-004
                10        5.55555E-4       9.7831e-008       1.8052e-007       4.4357e-005       4.4357e-005       2.4500e-005       4.9538e-005       8.9257e-005       4.9348e-007       9.0962e-005       3.9636e-006       9.4257e-006       3.5713e-004
                11       6.111105E-4       1.0712e-007       1.9535e-007       4.6299e-005       4.6299e-005       2.4884e-005       5.0174e-005       8.9999e-005       5.3500e-007       9.1292e-005       3.9586e-006       1.0105e-005       3.6385e-004
                12        6.66666E-4       1.1708e-007       2.1091e-007       4.8324e-005       4.8325e-005       2.5194e-005       5.0680e-005       9.0454e-005       5.7840e-007       9.1257e-005       3.9394e-006       1.0809e-005       3.6989e-004
                13       7.222215E-4       1.2768e-007       2.2706e-007       5.0511e-005       5.0511e-005       2.5575e-005       5.1305e-005       9.1105e-005       6.2522e-007       9.1411e-005       3.9265e-006       1.1571e-005       3.7690e-004
                14        7.77777E-4       1.3885e-007       2.4365e-007       5.2807e-005       5.2807e-005       2.5953e-005       5.1923e-005       9.1712e-005       6.7437e-007       9.1479e-005       3.9112e-006       1.2370e-005       3.8402e-004
                15       8.333325E-4       1.5053e-007       2.6048e-007       5.5221e-005       5.5221e-005       2.6361e-005       5.2591e-005       9.2387e-005       7.2605e-007       9.1596e-005       3.8991e-006       1.3210e-005       3.9162e-004
                16        8.88888E-4       1.6262e-007       2.7736e-007       5.7731e-005       5.7731e-005       2.6780e-005       5.3277e-005       9.3070e-005       7.7978e-007       9.1695e-005       3.8884e-006       1.4083e-005       3.9947e-004
                17       9.444435E-4       1.7501e-007       2.9415e-007       6.0330e-005       6.0330e-005       2.7216e-005       5.3991e-005       9.3785e-005       8.3541e-007       9.1807e-005       3.8802e-006       1.4987e-005       4.0763e-004
                18        9.99999E-4       1.8756e-007       3.1066e-007       6.3003e-005       6.3003e-005       2.7663e-005       5.4723e-005       9.4517e-005       8.9262e-007       9.1917e-005       3.8744e-006       1.5917e-005       4.1601e-004
                19      0.0010555545       2.0010e-007       3.2666e-007       6.5737e-005       6.5738e-005       2.8122e-005       5.5472e-005       9.5266e-005       9.5115e-007       9.2032e-005       3.8715e-006       1.6868e-005       4.2458e-004
                20        0.00111111       2.1244e-007       3.4195e-007       6.8521e-005       6.8521e-005       2.8588e-005       5.6234e-005       9.6028e-005       1.0107e-006       9.2146e-005       3.8716e-006       1.7835e-005       4.3331e-004
------------------------------------------------------------------------------------------------------------------------------------------------------------------------------------------------------------------

********************************************************************** Magnetic Ave.energies  (J)  **********************************************************************

           Step.No        Time(sec.)                 1                 2                 3                 4                 5                11                12                13                14                21                24             Total
------------------------------------------------------------------------------------------------------------------------------------------------------------------------------------------------------------------
                 1        5.55555E-5       7.6401e-008       1.5358e-007       6.7825e-005       6.7826e-005       5.2224e-005       1.0340e-004       1.9273e-004       6.5413e-007       2.0429e-004       8.5023e-006       1.3866e-005       7.1155e-004
                 2        1.11111E-4       4.6962e-008       9.2962e-008       2.4758e-005       2.4758e-005       1.2816e-005       2.7680e-005       5.0233e-005       1.7209e-007       5.1170e-005       2.6247e-006       3.5650e-006       1.9792e-004
                 3       1.666665E-4       5.8541e-008       1.1474e-007       4.1450e-005       4.1450e-005       2.9327e-005       5.8816e-005       1.0898e-004       3.8561e-007       1.1474e-004       5.2394e-006       8.0663e-006       4.0863e-004
                 4        2.22222E-4       5.7907e-008       1.1336e-007       3.3998e-005       3.3998e-005       2.0387e-005       4.2228e-005       7.7320e-005       2.8907e-007       7.9917e-005       3.8534e-006       5.9251e-006       2.9809e-004
                 5       2.777775E-4       6.3896e-008       1.2348e-007       3.8510e-005       3.8510e-005       2.4837e-005       5.0365e-005       9.2590e-005       3.6071e-007       9.6499e-005       4.5138e-006       7.3624e-006       3.5374e-004
                 6        3.33333E-4       6.8287e-008       1.3122e-007       3.7835e-005       3.7835e-005       2.2820e-005       4.6673e-005       8.5281e-005       3.5662e-007       8.8122e-005       4.1764e-006       7.1565e-006       3.3046e-004
                 7       3.888885E-4       7.4732e-008       1.4209e-007       3.9887e-005       3.9887e-005       2.4106e-005       4.8954e-005       8.9332e-005       3.9649e-007       9.2306e-005       4.3349e-006       7.8737e-006       3.4729e-004
                 8        4.44444E-4       8.1491e-008       1.5372e-007       4.0924e-005       4.0925e-005       2.3806e-005       4.8383e-005       8.7881e-005       4.2034e-007       9.0306e-005       4.2481e-006       8.2273e-006       3.4536e-004
                 9       4.999995E-4       8.9338e-008       1.6692e-007       4.2692e-005       4.2692e-005       2.4338e-005       4.9290e-005       8.9222e-005       4.5762e-007       9.1391e-005       4.2810e-006       8.8508e-006       3.5347e-004
                10        5.55555E-4       9.7848e-008       1.8118e-007       4.4357e-005       4.4357e-005       2.4500e-005       4.9538e-005       8.9257e-005       4.9348e-007       9.0962e-005       4.2526e-006       9.4257e-006       3.5742e-004
                11       6.111105E-4       1.0716e-007       1.9653e-007       4.6299e-005       4.6299e-005       2.4884e-005       5.0174e-005       8.9999e-005       5.3500e-007       9.1292e-005       4.2525e-006       1.0105e-005       3.6414e-004
                12        6.66666E-4       1.1714e-007       2.1281e-007       4.8324e-005       4.8325e-005       2.5194e-005       5.0680e-005       9.0454e-005       5.7840e-007       9.1257e-005       4.2373e-006       1.0809e-005       3.7019e-004
                13       7.222215E-4       1.2778e-007       2.2992e-007       5.0511e-005       5.0511e-005       2.5575e-005       5.1305e-005       9.1105e-005       6.2522e-007       9.1411e-005       4.2296e-006       1.1571e-005       3.7720e-004
                14        7.77777E-4       1.3899e-007       2.4771e-007       5.2807e-005       5.2807e-005       2.5953e-005       5.1923e-005       9.1712e-005       6.7437e-007       9.1479e-005       4.2192e-006       1.2370e-005       3.8433e-004
                15       8.333325E-4       1.5071e-007       2.6607e-007       5.5221e-005       5.5221e-005       2.6361e-005       5.2591e-005       9.2387e-005       7.2605e-007       9.1596e-005       4.2119e-006       1.3210e-005       3.9194e-004
                16        8.88888E-4       1.6285e-007       2.8484e-007       5.7731e-005       5.7731e-005       2.6780e-005       5.3277e-005       9.3070e-005       7.7978e-007       9.1695e-005       4.2052e-006       1.4083e-005       3.9980e-004
                17       9.444435E-4       1.7530e-007       3.0392e-007       6.0330e-005       6.0330e-005       2.7216e-005       5.3991e-005       9.3785e-005       8.3541e-007       9.1807e-005       4.2006e-006       1.4987e-005       4.0796e-004
                18        9.99999E-4       1.8790e-007       3.2319e-007       6.3003e-005       6.3003e-005       2.7663e-005       5.4723e-005       9.4517e-005       8.9262e-007       9.1917e-005       4.1976e-006       1.5917e-005       4.1634e-004
                19      0.0010555545       2.0050e-007       3.4252e-007       6.5737e-005       6.5738e-005       2.8122e-005       5.5472e-005       9.5266e-005       9.5115e-007       9.2032e-005       4.1968e-006       1.6868e-005       4.2493e-004
                20        0.00111111       2.1291e-007       3.6180e-007       6.8521e-005       6.8521e-005       2.8588e-005       5.6234e-005       9.6028e-005       1.0107e-006       9.2146e-005       4.1981e-006       1.7835e-005       4.3366e-004
------------------------------------------------------------------------------------------------------------------------------------------------------------------------------------------------------------------

************************* Heats  (J)  *************************

           Step.No        Time(sec.)             Heat3             Heat4         HeatTotal
---------------------------------------------------------------------------
                 1        5.55555E-5       2.2490e-002       2.2490e-002       4.4980e-002
                 2        1.11111E-4       1.2690e-003       1.2690e-003       2.5379e-003
                 3       1.666665E-4       3.4665e-004       3.4665e-004       6.9331e-004
                 4        2.22222E-4       2.5931e-004       2.5932e-004       5.1864e-004
                 5       2.777775E-4       2.2385e-004       2.2386e-004       4.4771e-004
                 6        3.33333E-4       2.2480e-004       2.2480e-004       4.4960e-004
                 7       3.888885E-4       2.1890e-004       2.1891e-004       4.3781e-004
                 8        4.44444E-4       2.1858e-004       2.1858e-004       4.3716e-004
                 9       4.999995E-4       2.1557e-004       2.1557e-004       4.3114e-004
                10        5.55555E-4       2.1368e-004       2.1369e-004       4.2737e-004
                11       6.111105E-4       2.1096e-004       2.1097e-004       4.2193e-004
                12        6.66666E-4       2.0839e-004       2.0840e-004       4.1680e-004
                13       7.222215E-4       2.0551e-004       2.0552e-004       4.1103e-004
                14        7.77777E-4       2.0256e-004       2.0257e-004       4.0513e-004
                15       8.333325E-4       1.9944e-004       1.9945e-004       3.9889e-004
                16        8.88888E-4       1.9622e-004       1.9622e-004       3.9244e-004
                17       9.444435E-4       1.9288e-004       1.9288e-004       3.8576e-004
                18        9.99999E-4       1.8945e-004       1.8946e-004       3.7891e-004
                19      0.0010555545       1.8595e-004       1.8596e-004       3.7191e-004
                20        0.00111111       1.8240e-004       1.8241e-004       3.6481e-004
---------------------------------------------------------------------------
