GRID    (I12,3E24.15)
           1  0.000000000000000e+000  0.000000000000000e+000  0.000000000000000e+000
           2  1.000000000000000e-002  0.000000000000000e+000  0.000000000000000e+000
           3  0.000000000000000e+000  1.000000000000000e-002  0.000000000000000e+000
           4  1.000000000000000e-002  1.000000000000000e-002  0.000000000000000e+000
           5  2.000000000000000e-002  0.000000000000000e+000  0.000000000000000e+000
           6  0.000000000000000e+000  2.000000000000000e-002  0.000000000000000e+000
           7  2.000000000000000e-002  1.000000000000000e-002  0.000000000000000e+000
           8  1.000000000000000e-002  2.000000000000000e-002  0.000000000000000e+000
           9  2.000000000000000e-002  2.000000000000000e-002  0.000000000000000e+000
          10  3.000000000000000e-002  0.000000000000000e+000  0.000000000000000e+000
          11  0.000000000000000e+000  3.000000000000000e-002  0.000000000000000e+000
          12  3.000000000000000e-002  1.000000000000000e-002  0.000000000000000e+000
          13  1.000000000000000e-002  3.000000000000000e-002  0.000000000000000e+000
          14  3.000000000000000e-002  2.000000000000000e-002  0.000000000000000e+000
          15  2.000000000000000e-002  3.000000000000000e-002  0.000000000000000e+000
          16  4.000000000000000e-002  0.000000000000000e+000  0.000000000000000e+000
          17  0.000000000000000e+000  4.000000000000000e-002  0.000000000000000e+000
          18  4.000000000000000e-002  1.000000000000000e-002  0.000000000000000e+000
          19  1.000000000000000e-002  4.000000000000000e-002  0.000000000000000e+000
          20  3.000000000000000e-002  3.000000000000000e-002  0.000000000000000e+000
          21  4.000000000000000e-002  2.000000000000000e-002  0.000000000000000e+000
          22  2.000000000000000e-002  4.000000000000000e-002  0.000000000000000e+000
          23  4.000000000000000e-002  3.000000000000000e-002  0.000000000000000e+000
          24  3.000000000000000e-002  4.000000000000000e-002  0.000000000000000e+000
          25  5.000000000000000e-002  0.000000000000000e+000  0.000000000000000e+000
          26  0.000000000000000e+000  5.000000000000000e-002  0.000000000000000e+000
          27  5.000000000000000e-002  1.000000000000000e-002  0.000000000000000e+000
          28  1.000000000000000e-002  5.000000000000000e-002  0.000000000000000e+000
          29  5.000000000000000e-002  2.000000000000000e-002  0.000000000000000e+000
          30  2.000000000000000e-002  5.000000000000000e-002  0.000000000000000e+000
          31  4.000000000000000e-002  4.000000000000000e-002  0.000000000000000e+000
          32  3.000000000000000e-002  5.000000000000000e-002  0.000000000000000e+000
          33  5.000000000000000e-002  3.000000000000000e-002  0.000000000000000e+000
          34  5.833333000000000e-002  0.000000000000000e+000  0.000000000000000e+000
          35  0.000000000000000e+000  5.833333000000000e-002  0.000000000000000e+000
          36  5.833333000000000e-002  9.943182000000000e-003  0.000000000000000e+000
          37  1.000000000000000e-002  5.833333000000000e-002  0.000000000000000e+000
          38  5.828901000000000e-002  2.004719000000000e-002  0.000000000000000e+000
          39  2.011607000000000e-002  5.837184000000000e-002  0.000000000000000e+000
          40  5.000000000000000e-002  4.000000000000000e-002  0.000000000000000e+000
          41  4.000000000000000e-002  5.000000000000000e-002  0.000000000000000e+000
          42  5.807432000000000e-002  3.036252000000000e-002  0.000000000000000e+000
          43  3.053692000000000e-002  5.829863000000000e-002  0.000000000000000e+000
          44  6.666667000000000e-002  0.000000000000000e+000  0.000000000000000e+000
          45  0.000000000000000e+000  6.666667000000000e-002  0.000000000000000e+000
          46  6.666667000000000e-002  9.943182000000000e-003  0.000000000000000e+000
          47  1.000000000000000e-002  6.666667000000000e-002  0.000000000000000e+000
          48  1.995884000000000e-002  6.665335000000000e-002  0.000000000000000e+000
          49  6.664682000000000e-002  1.998719000000000e-002  0.000000000000000e+000
          50  5.000000000000000e-002  5.000000000000000e-002  0.000000000000000e+000
          51  5.718058000000000e-002  4.177860000000000e-002  0.000000000000000e+000
          52  4.223898000000000e-002  5.858598000000000e-002  0.000000000000000e+000
          53  6.650866000000000e-002  3.052592000000000e-002  0.000000000000000e+000
          54  3.004389000000000e-002  6.677819000000000e-002  0.000000000000000e+000
          55  0.000000000000000e+000  7.500000000000000e-002  0.000000000000000e+000
          56  7.500000000000000e-002  0.000000000000000e+000  0.000000000000000e+000
          57  7.500000000000000e-002  1.000000000000000e-002  0.000000000000000e+000
          58  1.000000000000000e-002  7.500000000000000e-002  0.000000000000000e+000
          59  5.457113000000000e-002  5.442513000000000e-002  0.000000000000000e+000
          60  2.000000000000000e-002  7.500000000000000e-002  0.000000000000000e+000
          61  7.500000000000000e-002  2.000000000000000e-002  0.000000000000000e+000
          62  4.002529000000000e-002  6.681520000000001e-002  0.000000000000000e+000
          63  6.605783000000000e-002  4.148501000000000e-002  0.000000000000000e+000
          64  4.756604000000000e-002  6.218957000000000e-002  0.000000000000000e+000
          65  5.165657000000000e-002  6.117989000000000e-002  0.000000000000000e+000
          66  7.500000000000000e-002  3.000000000000000e-002  0.000000000000000e+000
          67  3.000000000000000e-002  7.500000000000000e-002  0.000000000000000e+000
          68  4.758167000000000e-002  6.765034000000000e-002  0.000000000000000e+000
          69  8.333333000000000e-002  0.000000000000000e+000  0.000000000000000e+000
          70  0.000000000000000e+000  8.333333000000000e-002  0.000000000000000e+000
          71  8.333333000000000e-002  1.000000000000000e-002  0.000000000000000e+000
          72  1.000000000000000e-002  8.333333000000000e-002  0.000000000000000e+000
          73  7.500000000000000e-002  4.000000000000000e-002  0.000000000000000e+000
          74  4.000000000000000e-002  7.500000000000000e-002  0.000000000000000e+000
          75  6.516597000000000e-002  5.460212000000000e-002  0.000000000000000e+000
          76  5.956667000000000e-002  6.138868000000000e-002  0.000000000000000e+000
          77  5.453735000000000e-002  6.592874000000000e-002  0.000000000000000e+000
          78  8.333333000000000e-002  2.000000000000000e-002  0.000000000000000e+000
          79  2.000000000000000e-002  8.333333000000000e-002  0.000000000000000e+000
          80  8.333333000000000e-002  3.000000000000000e-002  0.000000000000000e+000
          81  3.000000000000000e-002  8.333333000000000e-002  0.000000000000000e+000
          82  5.000000000000000e-002  7.500000000000000e-002  0.000000000000000e+000
          83  7.500000000000000e-002  5.000000000000000e-002  0.000000000000000e+000
          84  9.166667000000001e-002  0.000000000000000e+000  0.000000000000000e+000
          85  0.000000000000000e+000  9.166667000000001e-002  0.000000000000000e+000
          86  9.166667000000001e-002  1.000000000000000e-002  0.000000000000000e+000
          87  1.000000000000000e-002  9.166667000000001e-002  0.000000000000000e+000
          88  8.333333000000000e-002  4.000000000000000e-002  0.000000000000000e+000
          89  4.000000000000000e-002  8.333333000000000e-002  0.000000000000000e+000
          90  5.772542000000000e-002  7.377641000000000e-002  0.000000000000000e+000
          91  7.377641000000000e-002  5.772542000000000e-002  0.000000000000000e+000
          92  9.166667000000001e-002  2.000000000000000e-002  0.000000000000000e+000
          93  2.000000000000000e-002  9.166667000000001e-002  0.000000000000000e+000
          94  6.469463000000000e-002  7.022542000000000e-002  0.000000000000000e+000
          95  7.022542000000000e-002  6.469463000000000e-002  0.000000000000000e+000
          96  9.166667000000001e-002  3.000000000000000e-002  0.000000000000000e+000
          97  3.000000000000000e-002  9.166667000000001e-002  0.000000000000000e+000
          98  8.333333000000000e-002  5.000000000000000e-002  0.000000000000000e+000
          99  5.000000000000000e-002  8.333333000000000e-002  0.000000000000000e+000
         100  1.000000000000000e-001  0.000000000000000e+000  0.000000000000000e+000
         101  0.000000000000000e+000  1.000000000000000e-001  0.000000000000000e+000
         102  9.166667000000001e-002  4.000000000000000e-002  0.000000000000000e+000
         103  4.000000000000000e-002  9.166667000000001e-002  0.000000000000000e+000
         104  1.000000000000000e-001  1.000000000000000e-002  0.000000000000000e+000
         105  1.000000000000000e-002  1.000000000000000e-001  0.000000000000000e+000
         106  8.170188000000001e-002  6.030057000000000e-002  0.000000000000000e+000
         107  6.030057000000000e-002  8.170188000000001e-002  0.000000000000000e+000
         108  2.000000000000000e-002  1.000000000000000e-001  0.000000000000000e+000
         109  1.000000000000000e-001  2.000000000000000e-002  0.000000000000000e+000
         110  7.696723000000000e-002  6.959284000000000e-002  0.000000000000000e+000
         111  6.959284000000000e-002  7.696723000000000e-002  0.000000000000000e+000
         112  1.000000000000000e-001  3.000000000000000e-002  0.000000000000000e+000
         113  3.000000000000000e-002  1.000000000000000e-001  0.000000000000000e+000
         114  9.166667000000001e-002  5.000000000000000e-002  0.000000000000000e+000
         115  5.000000000000000e-002  9.166667000000001e-002  0.000000000000000e+000
         116  1.000000000000000e-001  4.000000000000000e-002  0.000000000000000e+000
         117  4.000000000000000e-002  1.000000000000000e-001  0.000000000000000e+000
         118  8.962735000000000e-002  6.287571000000000e-002  0.000000000000000e+000
         119  6.287571000000000e-002  8.962735000000000e-002  0.000000000000000e+000
         120  1.100000000000000e-001  0.000000000000000e+000  0.000000000000000e+000
         121  0.000000000000000e+000  1.100000000000000e-001  0.000000000000000e+000
         122  1.100000000000000e-001  1.000000000000000e-002  0.000000000000000e+000
         123  1.000000000000000e-002  1.100000000000000e-001  0.000000000000000e+000
         124  1.000000000000000e-001  5.000000000000000e-002  0.000000000000000e+000
         125  5.000000000000000e-002  1.000000000000000e-001  0.000000000000000e+000
         126  1.100000000000000e-001  2.000000000000000e-002  0.000000000000000e+000
         127  2.000000000000000e-002  1.100000000000000e-001  0.000000000000000e+000
         128  8.370904000000000e-002  7.449105000000000e-002  0.000000000000000e+000
         129  7.449105000000000e-002  8.370904000000000e-002  0.000000000000000e+000
         130  1.100000000000000e-001  3.000000000000000e-002  0.000000000000000e+000
         131  3.000000000000000e-002  1.100000000000000e-001  0.000000000000000e+000
         132  1.100000000000000e-001  4.000000000000000e-002  0.000000000000000e+000
         133  4.000000000000000e-002  1.100000000000000e-001  0.000000000000000e+000
         134  9.755282999999999e-002  6.545085000000001e-002  0.000000000000000e+000
         135  6.545085000000001e-002  9.755282999999999e-002  0.000000000000000e+000
         136  7.938926000000000e-002  9.045085000000000e-002  0.000000000000000e+000
         137  9.045085000000000e-002  7.938926000000000e-002  0.000000000000000e+000
         138  1.100000000000000e-001  5.000000000000000e-002  0.000000000000000e+000
         139  5.000000000000000e-002  1.100000000000000e-001  0.000000000000000e+000
         140  6.854101999999999e-002  1.070634000000000e-001  0.000000000000000e+000
         141  1.070634000000000e-001  6.854101999999999e-002  0.000000000000000e+000
         142  1.300000000000000e-001  0.000000000000000e+000  0.000000000000000e+000
         143  0.000000000000000e+000  1.300000000000000e-001  0.000000000000000e+000
         144  8.526712000000000e-002  9.854101999999999e-002  0.000000000000000e+000
         145  9.854101999999999e-002  8.526712000000000e-002  0.000000000000000e+000
         146  1.300000000000000e-001  1.000000000000000e-002  0.000000000000000e+000
         147  1.000000000000000e-002  1.300000000000000e-001  0.000000000000000e+000
         148  1.300000000000000e-001  2.000000000000000e-002  0.000000000000000e+000
         149  2.000000000000000e-002  1.300000000000000e-001  0.000000000000000e+000
         150  1.300000000000000e-001  3.000000000000000e-002  0.000000000000000e+000
         151  3.000000000000000e-002  1.300000000000000e-001  0.000000000000000e+000
         152  1.300000000000000e-001  4.000000000000000e-002  0.000000000000000e+000
         153  4.000000000000000e-002  1.300000000000000e-001  0.000000000000000e+000
         154  1.300000000000000e-001  5.000000000000000e-002  0.000000000000000e+000
         155  5.000000000000000e-002  1.300000000000000e-001  0.000000000000000e+000
         156  7.472136000000000e-002  1.260845000000000e-001  0.000000000000000e+000
         157  1.260845000000000e-001  7.472136000000000e-002  0.000000000000000e+000
         158  9.702282000000000e-002  1.147214000000000e-001  0.000000000000000e+000
         159  1.147214000000000e-001  9.702282000000000e-002  0.000000000000000e+000
         160  1.600000000000000e-001  0.000000000000000e+000  0.000000000000000e+000
         161  0.000000000000000e+000  1.600000000000000e-001  0.000000000000000e+000
         162  1.600000000000000e-001  1.000000000000000e-002  0.000000000000000e+000
         163  1.000000000000000e-002  1.600000000000000e-001  0.000000000000000e+000
         164  1.600000000000000e-001  2.000000000000000e-002  0.000000000000000e+000
         165  2.000000000000000e-002  1.600000000000000e-001  0.000000000000000e+000
         166  1.600000000000000e-001  3.000000000000000e-002  0.000000000000000e+000
         167  3.000000000000000e-002  1.600000000000000e-001  0.000000000000000e+000
         168  1.600000000000000e-001  4.000000000000000e-002  0.000000000000000e+000
         169  4.000000000000000e-002  1.600000000000000e-001  0.000000000000000e+000
         170  5.000000000000000e-002  1.600000000000000e-001  0.000000000000000e+000
         171  1.600000000000000e-001  5.000000000000000e-002  0.000000000000000e+000
         172  8.399187000000000e-002  1.546162000000000e-001  0.000000000000000e+000
         173  1.546162000000000e-001  8.399187000000000e-002  0.000000000000000e+000
         174  1.146564000000000e-001  1.389919000000000e-001  0.000000000000000e+000
         175  1.389919000000000e-001  1.146564000000000e-001  0.000000000000000e+000
         176  2.000000000000000e-001  0.000000000000000e+000  0.000000000000000e+000
         177  0.000000000000000e+000  2.000000000000000e-001  0.000000000000000e+000
         178  2.000000000000000e-001  1.000000000000000e-002  0.000000000000000e+000
         179  1.000000000000000e-002  2.000000000000000e-001  0.000000000000000e+000
         180  2.000000000000000e-001  2.000000000000000e-002  0.000000000000000e+000
         181  2.000000000000000e-002  2.000000000000000e-001  0.000000000000000e+000
         182  2.000000000000000e-001  3.000000000000000e-002  0.000000000000000e+000
         183  3.000000000000000e-002  2.000000000000000e-001  0.000000000000000e+000
         184  2.000000000000000e-001  4.000000000000000e-002  0.000000000000000e+000
         185  4.000000000000000e-002  2.000000000000000e-001  0.000000000000000e+000
         186  5.000000000000000e-002  2.000000000000000e-001  0.000000000000000e+000
         187  2.000000000000000e-001  5.000000000000000e-002  0.000000000000000e+000
         188  9.635255000000000e-002  1.926585000000000e-001  0.000000000000000e+000
         189  1.926585000000000e-001  9.635255000000000e-002  0.000000000000000e+000
         190  1.381678000000000e-001  1.713525000000000e-001  0.000000000000000e+000
         191  1.713525000000000e-001  1.381678000000000e-001  0.000000000000000e+000
         192  2.500000000000000e-001  0.000000000000000e+000  0.000000000000000e+000
         193  0.000000000000000e+000  2.500000000000000e-001  0.000000000000000e+000
         194  2.500000000000000e-001  1.000000000000000e-002  0.000000000000000e+000
         195  1.000000000000000e-002  2.500000000000000e-001  0.000000000000000e+000
         196  2.500000000000000e-001  2.000000000000000e-002  0.000000000000000e+000
         197  2.000000000000000e-002  2.500000000000000e-001  0.000000000000000e+000
         198  2.500000000000000e-001  3.000000000000000e-002  0.000000000000000e+000
         199  3.000000000000000e-002  2.500000000000000e-001  0.000000000000000e+000
         200  2.500000000000000e-001  4.000000000000000e-002  0.000000000000000e+000
         201  4.000000000000000e-002  2.500000000000000e-001  0.000000000000000e+000
         202  2.500000000000000e-001  5.000000000000000e-002  0.000000000000000e+000
         203  5.000000000000000e-002  2.500000000000000e-001  0.000000000000000e+000
         204  1.118034000000000e-001  2.402113000000000e-001  0.000000000000000e+000
         205  2.402113000000000e-001  1.118034000000000e-001  0.000000000000000e+000
         206  1.675571000000000e-001  2.118034000000000e-001  0.000000000000000e+000
         207  2.118034000000000e-001  1.675571000000000e-001  0.000000000000000e+000
      -1
CONC    (12I12)
           1         204           1           1           2           4           3
           2         204           1           2           5           7           4
           3         204           1           5          10          12           7
           4         204           1          10          16          18          12
           5         204           1          16          25          27          18
           6         204           1           3           4           8           6
           7         204           1           4           7           9           8
           8         204           1           7          12          14           9
           9         204           1          12          18          21          14
          10         204           1          18          27          29          21
          11         204           1           6           8          13          11
          12         204           1           8           9          15          13
          13         204           1           9          14          20          15
          14         204           1          14          21          23          20
          15         204           1          21          29          33          23
          16         204           1          11          13          19          17
          17         204           1          13          15          22          19
          18         204           1          15          20          24          22
          19         204           1          20          23          31          24
          20         204           1          23          33          40          31
          21         204           1          17          19          28          26
          22         204           1          19          22          30          28
          23         204           1          22          24          32          30
          24         204           1          24          31          41          32
          25         204           1          31          40          50          41
          26         204           2          57          61          49          46
          27         204           2          44          56          57          46
          28         204           2          46          49          38          36
          29         204           2          34          44          46          36
          30         204           2          27          25          34          36
          31         204           2          29          27          36          38
          32         204           2          66          73          63          53
          33         204           2          49          61          66          53
          34         204           2          53          63          51          42
          35         204           2          38          49          53          42
          36         204           2          33          29          38          42
          37         204           2          40          33          42          51
          38         203           2          76          59          75
          39         204           2          95          94          76          75
          40         203           2          83          91          75
          41         204           2          63          73          83          75
          42         204           2          51          63          75          59
          43         204           2          50          40          51          59
          44         204           2          35          26          28          37
          45         204           2          45          35          37          47
          46         204           2          58          55          45          47
          47         204           2          30          32          43          39
          48         204           2          37          28          30          39
          49         204           2          39          43          54          48
          50         204           2          47          37          39          48
          51         204           2          60          58          47          48
          52         204           2          67          60          48          54
          53         204           2          43          32          41          52
          54         204           2          54          43          52          62
          55         204           2          74          67          54          62
          56         204           2          82          74          62          68
          57         204           2          90          82          68          77
          58         204           2          76          94          90          77
          59         204           2          59          76          77          65
          60         204           2          68          62          52          64
          61         204           2          65          77          68          64
          62         204           2          59          65          64          52
          63         204           2          50          59          52          41
          64         203           2          91          95          75
          65         204           3          56          69          71          57
          66         204           3          69          84          86          71
          67         204           3          84         100         104          86
          68         204           3          57          71          78          61
          69         204           3          71          86          92          78
          70         204           3          86         104         109          92
          71         204           3          61          78          80          66
          72         204           3          78          92          96          80
          73         204           3          92         109         112          96
          74         204           3          66          80          88          73
          75         204           3          80          96         102          88
          76         204           3          96         112         116         102
          77         204           3          73          88          98          83
          78         204           3          88         102         114          98
          79         204           3         102         116         124         114
          80         204           3          83          98         106          91
          81         204           3          98         114         118         106
          82         204           3         114         124         134         118
          83         204           3          91         106         110          95
          84         204           3         106         118         128         110
          85         204           3         118         134         137         128
          86         204           3          95         110         111          94
          87         204           3         110         128         129         111
          88         204           3         128         137         136         129
          89         204           3          94         111         107          90
          90         204           3         111         129         119         107
          91         204           3         129         136         135         119
          92         204           3          90         107          99          82
          93         204           3         107         119         115          99
          94         204           3         119         135         125         115
          95         204           3          82          99          89          74
          96         204           3          99         115         103          89
          97         204           3         115         125         117         103
          98         204           3          74          89          81          67
          99         204           3          89         103          97          81
         100         204           3         103         117         113          97
         101         204           3          67          81          79          60
         102         204           3          81          97          93          79
         103         204           3          97         113         108          93
         104         204           3          60          79          72          58
         105         204           3          79          93          87          72
         106         204           3          93         108         105          87
         107         204           3          58          72          70          55
         108         204           3          72          87          85          70
         109         204           3          87         105         101          85
         110         204           4         100         120         122         104
         111         204           4         120         142         146         122
         112         204           4         142         160         162         146
         113         204           4         160         176         178         162
         114         204           4         176         192         194         178
         115         204           4         104         122         126         109
         116         204           4         122         146         148         126
         117         204           4         146         162         164         148
         118         204           4         162         178         180         164
         119         204           4         178         194         196         180
         120         204           4         109         126         130         112
         121         204           4         126         148         150         130
         122         204           4         148         164         166         150
         123         204           4         164         180         182         166
         124         204           4         180         196         198         182
         125         204           4         112         130         132         116
         126         204           4         130         150         152         132
         127         204           4         150         166         168         152
         128         204           4         166         182         184         168
         129         204           4         182         198         200         184
         130         204           4         116         132         138         124
         131         204           4         132         152         154         138
         132         204           4         152         168         171         154
         133         204           4         168         184         187         171
         134         204           4         184         200         202         187
         135         204           4         125         135         140         139
         136         204           4         135         136         144         140
         137         204           4         136         137         145         144
         138         204           4         137         134         141         145
         139         204           4         134         124         138         141
         140         204           4         139         140         156         155
         141         204           4         140         144         158         156
         142         204           4         144         145         159         158
         143         204           4         145         141         157         159
         144         204           4         141         138         154         157
         145         204           4         155         156         172         170
         146         204           4         156         158         174         172
         147         204           4         158         159         175         174
         148         204           4         159         157         173         175
         149         204           4         157         154         171         173
         150         204           4         170         172         188         186
         151         204           4         172         174         190         188
         152         204           4         174         175         191         190
         153         204           4         175         173         189         191
         154         204           4         173         171         187         189
         155         204           4         186         188         204         203
         156         204           4         188         190         206         204
         157         204           4         190         191         207         206
         158         204           4         191         189         205         207
         159         204           4         189         187         202         205
         160         204           4         125         139         133         117
         161         204           4         139         155         153         133
         162         204           4         155         170         169         153
         163         204           4         170         186         185         169
         164         204           4         186         203         201         185
         165         204           4         117         133         131         113
         166         204           4         133         153         151         131
         167         204           4         153         169         167         151
         168         204           4         169         185         183         167
         169         204           4         185         201         199         183
         170         204           4         113         131         127         108
         171         204           4         131         151         149         127
         172         204           4         151         167         165         149
         173         204           4         167         183         181         165
         174         204           4         183         199         197         181
         175         204           4         108         127         123         105
         176         204           4         127         149         147         123
         177         204           4         149         165         163         147
         178         204           4         165         181         179         163
         179         204           4         181         197         195         179
         180         204           4         105         123         121         101
         181         204           4         123         147         143         121
         182         204           4         147         163         161         143
         183         204           4         163         179         177         161
         184         204           4         179         195         193         177
         185         102          11          25          27
         186         102          11          27          29
         187         102          11          29          33
         188         102          11          33          40
         189         102          11          40          50
         190         102          11          50          41
         191         102          11          41          32
         192         102          11          32          30
         193         102          11          30          28
         194         102          11          28          26
         195         102          12          56          57
         196         102          12          57          61
         197         102          12          61          66
         198         102          12          66          73
         199         102          12          73          83
         200         102          12          83          91
         201         102          12          91          95
         202         102          12          95          94
         203         102          12          94          90
         204         102          12          90          82
         205         102          12          82          74
         206         102          12          74          67
         207         102          12          67          60
         208         102          12          60          58
         209         102          12          58          55
         210         102          13         104         100
         211         102          13         109         104
         212         102          13         112         109
         213         102          13         116         112
         214         102          13         124         116
         215         102          13         134         124
         216         102          13         137         134
         217         102          13         136         137
         218         102          13         135         136
         219         102          13         125         135
         220         102          13         117         125
         221         102          13         113         117
         222         102          13         108         113
         223         102          13         105         108
         224         102          13         101         105
         225         102          14          56          69
         226         102          14          69          84
         227         102          14          84         100
      -1
